Number of Single-Level Fields:
      30
Length of each field:
     210
                                            Calday
  2.0525000e+02  2.0550000e+02  2.0575000e+02  2.0600000e+02  2.0625000e+02
  2.0650000e+02  2.0675000e+02  2.0700000e+02  2.0725000e+02  2.0750000e+02
  2.0775000e+02  2.0800000e+02  2.0825000e+02  2.0850000e+02  2.0875000e+02
  2.0900000e+02  2.0925000e+02  2.0950000e+02  2.0975000e+02  2.1000000e+02
  2.1025000e+02  2.1050000e+02  2.1075000e+02  2.1100000e+02  2.1125000e+02
  2.1150000e+02  2.1175000e+02  2.1200000e+02  2.1225000e+02  2.1250000e+02
  2.1275000e+02  2.1300000e+02  2.1325000e+02  2.1350000e+02  2.1375000e+02
  2.1400000e+02  2.1425000e+02  2.1450000e+02  2.1475000e+02  2.1500000e+02
  2.1525000e+02  2.1550000e+02  2.1575000e+02  2.1600000e+02  2.1625000e+02
  2.1650000e+02  2.1675000e+02  2.1700000e+02  2.1725000e+02  2.1750000e+02
  2.1775000e+02  2.1800000e+02  2.1825000e+02  2.1850000e+02  2.1875000e+02
  2.1900000e+02  2.1925000e+02  2.1950000e+02  2.1975000e+02  2.2000000e+02
  2.2025000e+02  2.2050000e+02  2.2075000e+02  2.2100000e+02  2.2125000e+02
  2.2150000e+02  2.2175000e+02  2.2200000e+02  2.2225000e+02  2.2250000e+02
  2.2275000e+02  2.2300000e+02  2.2325000e+02  2.2350000e+02  2.2375000e+02
  2.2400000e+02  2.2425000e+02  2.2450000e+02  2.2475000e+02  2.2500000e+02
  2.2525000e+02  2.2550000e+02  2.2575000e+02  2.2600000e+02  2.2625000e+02
  2.2650000e+02  2.2675000e+02  2.2700000e+02  2.2725000e+02  2.2750000e+02
  2.2775000e+02  2.2800000e+02  2.2825000e+02  2.2850000e+02  2.2875000e+02
  2.2900000e+02  2.2925000e+02  2.2950000e+02  2.2975000e+02  2.3000000e+02
  2.3025000e+02  2.3050000e+02  2.3075000e+02  2.3100000e+02  2.3125000e+02
  2.3150000e+02  2.3175000e+02  2.3200000e+02  2.3225000e+02  2.3250000e+02
  2.3275000e+02  2.3300000e+02  2.3325000e+02  2.3350000e+02  2.3375000e+02
  2.3400000e+02  2.3425000e+02  2.3450000e+02  2.3475000e+02  2.3500000e+02
  2.3525000e+02  2.3550000e+02  2.3575000e+02  2.3600000e+02  2.3625000e+02
  2.3650000e+02  2.3675000e+02  2.3700000e+02  2.3725000e+02  2.3750000e+02
  2.3775000e+02  2.3800000e+02  2.3825000e+02  2.3850000e+02  2.3875000e+02
  2.3900000e+02  2.3925000e+02  2.3950000e+02  2.3975000e+02  2.4000000e+02
  2.4025000e+02  2.4050000e+02  2.4075000e+02  2.4100000e+02  2.4125000e+02
  2.4150000e+02  2.4175000e+02  2.4200000e+02  2.4225000e+02  2.4250000e+02
  2.4275000e+02  2.4300000e+02  2.4325000e+02  2.4350000e+02  2.4375000e+02
  2.4400000e+02  2.4425000e+02  2.4450000e+02  2.4475000e+02  2.4500000e+02
  2.4525000e+02  2.4550000e+02  2.4575000e+02  2.4600000e+02  2.4625000e+02
  2.4650000e+02  2.4675000e+02  2.4700000e+02  2.4725000e+02  2.4750000e+02
  2.4775000e+02  2.4800000e+02  2.4825000e+02  2.4850000e+02  2.4875000e+02
  2.4900000e+02  2.4925000e+02  2.4950000e+02  2.4975000e+02  2.5000000e+02
  2.5025000e+02  2.5050000e+02  2.5075000e+02  2.5100000e+02  2.5125000e+02
  2.5150000e+02  2.5175000e+02  2.5200000e+02  2.5225000e+02  2.5250000e+02
  2.5275000e+02  2.5300000e+02  2.5325000e+02  2.5350000e+02  2.5375000e+02
  2.5400000e+02  2.5425000e+02  2.5450000e+02  2.5475000e+02  2.5500000e+02
  2.5525000e+02  2.5550000e+02  2.5575000e+02  2.5600000e+02  2.5625000e+02
  2.5650000e+02  2.5675000e+02  2.5700000e+02  2.5725000e+02  2.5750000e+02
                                              Year
  1.9990000e+03  1.9990000e+03  1.9990000e+03  1.9990000e+03  1.9990000e+03
  1.9990000e+03  1.9990000e+03  1.9990000e+03  1.9990000e+03  1.9990000e+03
  1.9990000e+03  1.9990000e+03  1.9990000e+03  1.9990000e+03  1.9990000e+03
  1.9990000e+03  1.9990000e+03  1.9990000e+03  1.9990000e+03  1.9990000e+03
  1.9990000e+03  1.9990000e+03  1.9990000e+03  1.9990000e+03  1.9990000e+03
  1.9990000e+03  1.9990000e+03  1.9990000e+03  1.9990000e+03  1.9990000e+03
  1.9990000e+03  1.9990000e+03  1.9990000e+03  1.9990000e+03  1.9990000e+03
  1.9990000e+03  1.9990000e+03  1.9990000e+03  1.9990000e+03  1.9990000e+03
  1.9990000e+03  1.9990000e+03  1.9990000e+03  1.9990000e+03  1.9990000e+03
  1.9990000e+03  1.9990000e+03  1.9990000e+03  1.9990000e+03  1.9990000e+03
  1.9990000e+03  1.9990000e+03  1.9990000e+03  1.9990000e+03  1.9990000e+03
  1.9990000e+03  1.9990000e+03  1.9990000e+03  1.9990000e+03  1.9990000e+03
  1.9990000e+03  1.9990000e+03  1.9990000e+03  1.9990000e+03  1.9990000e+03
  1.9990000e+03  1.9990000e+03  1.9990000e+03  1.9990000e+03  1.9990000e+03
  1.9990000e+03  1.9990000e+03  1.9990000e+03  1.9990000e+03  1.9990000e+03
  1.9990000e+03  1.9990000e+03  1.9990000e+03  1.9990000e+03  1.9990000e+03
  1.9990000e+03  1.9990000e+03  1.9990000e+03  1.9990000e+03  1.9990000e+03
  1.9990000e+03  1.9990000e+03  1.9990000e+03  1.9990000e+03  1.9990000e+03
  1.9990000e+03  1.9990000e+03  1.9990000e+03  1.9990000e+03  1.9990000e+03
  1.9990000e+03  1.9990000e+03  1.9990000e+03  1.9990000e+03  1.9990000e+03
  1.9990000e+03  1.9990000e+03  1.9990000e+03  1.9990000e+03  1.9990000e+03
  1.9990000e+03  1.9990000e+03  1.9990000e+03  1.9990000e+03  1.9990000e+03
  1.9990000e+03  1.9990000e+03  1.9990000e+03  1.9990000e+03  1.9990000e+03
  1.9990000e+03  1.9990000e+03  1.9990000e+03  1.9990000e+03  1.9990000e+03
  1.9990000e+03  1.9990000e+03  1.9990000e+03  1.9990000e+03  1.9990000e+03
  1.9990000e+03  1.9990000e+03  1.9990000e+03  1.9990000e+03  1.9990000e+03
  1.9990000e+03  1.9990000e+03  1.9990000e+03  1.9990000e+03  1.9990000e+03
  1.9990000e+03  1.9990000e+03  1.9990000e+03  1.9990000e+03  1.9990000e+03
  1.9990000e+03  1.9990000e+03  1.9990000e+03  1.9990000e+03  1.9990000e+03
  1.9990000e+03  1.9990000e+03  1.9990000e+03  1.9990000e+03  1.9990000e+03
  1.9990000e+03  1.9990000e+03  1.9990000e+03  1.9990000e+03  1.9990000e+03
  1.9990000e+03  1.9990000e+03  1.9990000e+03  1.9990000e+03  1.9990000e+03
  1.9990000e+03  1.9990000e+03  1.9990000e+03  1.9990000e+03  1.9990000e+03
  1.9990000e+03  1.9990000e+03  1.9990000e+03  1.9990000e+03  1.9990000e+03
  1.9990000e+03  1.9990000e+03  1.9990000e+03  1.9990000e+03  1.9990000e+03
  1.9990000e+03  1.9990000e+03  1.9990000e+03  1.9990000e+03  1.9990000e+03
  1.9990000e+03  1.9990000e+03  1.9990000e+03  1.9990000e+03  1.9990000e+03
  1.9990000e+03  1.9990000e+03  1.9990000e+03  1.9990000e+03  1.9990000e+03
  1.9990000e+03  1.9990000e+03  1.9990000e+03  1.9990000e+03  1.9990000e+03
  1.9990000e+03  1.9990000e+03  1.9990000e+03  1.9990000e+03  1.9990000e+03
  1.9990000e+03  1.9990000e+03  1.9990000e+03  1.9990000e+03  1.9990000e+03
  1.9990000e+03  1.9990000e+03  1.9990000e+03  1.9990000e+03  1.9990000e+03
                                             Month
  7.0000000e+00  7.0000000e+00  7.0000000e+00  7.0000000e+00  7.0000000e+00
  7.0000000e+00  7.0000000e+00  7.0000000e+00  7.0000000e+00  7.0000000e+00
  7.0000000e+00  7.0000000e+00  7.0000000e+00  7.0000000e+00  7.0000000e+00
  7.0000000e+00  7.0000000e+00  7.0000000e+00  7.0000000e+00  7.0000000e+00
  7.0000000e+00  7.0000000e+00  7.0000000e+00  7.0000000e+00  7.0000000e+00
  7.0000000e+00  7.0000000e+00  7.0000000e+00  7.0000000e+00  7.0000000e+00
  7.0000000e+00  8.0000000e+00  8.0000000e+00  8.0000000e+00  8.0000000e+00
  8.0000000e+00  8.0000000e+00  8.0000000e+00  8.0000000e+00  8.0000000e+00
  8.0000000e+00  8.0000000e+00  8.0000000e+00  8.0000000e+00  8.0000000e+00
  8.0000000e+00  8.0000000e+00  8.0000000e+00  8.0000000e+00  8.0000000e+00
  8.0000000e+00  8.0000000e+00  8.0000000e+00  8.0000000e+00  8.0000000e+00
  8.0000000e+00  8.0000000e+00  8.0000000e+00  8.0000000e+00  8.0000000e+00
  8.0000000e+00  8.0000000e+00  8.0000000e+00  8.0000000e+00  8.0000000e+00
  8.0000000e+00  8.0000000e+00  8.0000000e+00  8.0000000e+00  8.0000000e+00
  8.0000000e+00  8.0000000e+00  8.0000000e+00  8.0000000e+00  8.0000000e+00
  8.0000000e+00  8.0000000e+00  8.0000000e+00  8.0000000e+00  8.0000000e+00
  8.0000000e+00  8.0000000e+00  8.0000000e+00  8.0000000e+00  8.0000000e+00
  8.0000000e+00  8.0000000e+00  8.0000000e+00  8.0000000e+00  8.0000000e+00
  8.0000000e+00  8.0000000e+00  8.0000000e+00  8.0000000e+00  8.0000000e+00
  8.0000000e+00  8.0000000e+00  8.0000000e+00  8.0000000e+00  8.0000000e+00
  8.0000000e+00  8.0000000e+00  8.0000000e+00  8.0000000e+00  8.0000000e+00
  8.0000000e+00  8.0000000e+00  8.0000000e+00  8.0000000e+00  8.0000000e+00
  8.0000000e+00  8.0000000e+00  8.0000000e+00  8.0000000e+00  8.0000000e+00
  8.0000000e+00  8.0000000e+00  8.0000000e+00  8.0000000e+00  8.0000000e+00
  8.0000000e+00  8.0000000e+00  8.0000000e+00  8.0000000e+00  8.0000000e+00
  8.0000000e+00  8.0000000e+00  8.0000000e+00  8.0000000e+00  8.0000000e+00
  8.0000000e+00  8.0000000e+00  8.0000000e+00  8.0000000e+00  8.0000000e+00
  8.0000000e+00  8.0000000e+00  8.0000000e+00  8.0000000e+00  8.0000000e+00
  8.0000000e+00  8.0000000e+00  8.0000000e+00  8.0000000e+00  8.0000000e+00
  8.0000000e+00  8.0000000e+00  8.0000000e+00  8.0000000e+00  8.0000000e+00
  8.0000000e+00  8.0000000e+00  8.0000000e+00  8.0000000e+00  8.0000000e+00
  9.0000000e+00  9.0000000e+00  9.0000000e+00  9.0000000e+00  9.0000000e+00
  9.0000000e+00  9.0000000e+00  9.0000000e+00  9.0000000e+00  9.0000000e+00
  9.0000000e+00  9.0000000e+00  9.0000000e+00  9.0000000e+00  9.0000000e+00
  9.0000000e+00  9.0000000e+00  9.0000000e+00  9.0000000e+00  9.0000000e+00
  9.0000000e+00  9.0000000e+00  9.0000000e+00  9.0000000e+00  9.0000000e+00
  9.0000000e+00  9.0000000e+00  9.0000000e+00  9.0000000e+00  9.0000000e+00
  9.0000000e+00  9.0000000e+00  9.0000000e+00  9.0000000e+00  9.0000000e+00
  9.0000000e+00  9.0000000e+00  9.0000000e+00  9.0000000e+00  9.0000000e+00
  9.0000000e+00  9.0000000e+00  9.0000000e+00  9.0000000e+00  9.0000000e+00
  9.0000000e+00  9.0000000e+00  9.0000000e+00  9.0000000e+00  9.0000000e+00
  9.0000000e+00  9.0000000e+00  9.0000000e+00  9.0000000e+00  9.0000000e+00
                                               Day
  2.4000000e+01  2.4000000e+01  2.4000000e+01  2.5000000e+01  2.5000000e+01
  2.5000000e+01  2.5000000e+01  2.6000000e+01  2.6000000e+01  2.6000000e+01
  2.6000000e+01  2.7000000e+01  2.7000000e+01  2.7000000e+01  2.7000000e+01
  2.8000000e+01  2.8000000e+01  2.8000000e+01  2.8000000e+01  2.9000000e+01
  2.9000000e+01  2.9000000e+01  2.9000000e+01  3.0000000e+01  3.0000000e+01
  3.0000000e+01  3.0000000e+01  3.1000000e+01  3.1000000e+01  3.1000000e+01
  3.1000000e+01  1.0000000e+00  1.0000000e+00  1.0000000e+00  1.0000000e+00
  2.0000000e+00  2.0000000e+00  2.0000000e+00  2.0000000e+00  3.0000000e+00
  3.0000000e+00  3.0000000e+00  3.0000000e+00  4.0000000e+00  4.0000000e+00
  4.0000000e+00  4.0000000e+00  5.0000000e+00  5.0000000e+00  5.0000000e+00
  5.0000000e+00  6.0000000e+00  6.0000000e+00  6.0000000e+00  6.0000000e+00
  7.0000000e+00  7.0000000e+00  7.0000000e+00  7.0000000e+00  8.0000000e+00
  8.0000000e+00  8.0000000e+00  8.0000000e+00  9.0000000e+00  9.0000000e+00
  9.0000000e+00  9.0000000e+00  1.0000000e+01  1.0000000e+01  1.0000000e+01
  1.0000000e+01  1.1000000e+01  1.1000000e+01  1.1000000e+01  1.1000000e+01
  1.2000000e+01  1.2000000e+01  1.2000000e+01  1.2000000e+01  1.3000000e+01
  1.3000000e+01  1.3000000e+01  1.3000000e+01  1.4000000e+01  1.4000000e+01
  1.4000000e+01  1.4000000e+01  1.5000000e+01  1.5000000e+01  1.5000000e+01
  1.5000000e+01  1.6000000e+01  1.6000000e+01  1.6000000e+01  1.6000000e+01
  1.7000000e+01  1.7000000e+01  1.7000000e+01  1.7000000e+01  1.8000000e+01
  1.8000000e+01  1.8000000e+01  1.8000000e+01  1.9000000e+01  1.9000000e+01
  1.9000000e+01  1.9000000e+01  2.0000000e+01  2.0000000e+01  2.0000000e+01
  2.0000000e+01  2.1000000e+01  2.1000000e+01  2.1000000e+01  2.1000000e+01
  2.2000000e+01  2.2000000e+01  2.2000000e+01  2.2000000e+01  2.3000000e+01
  2.3000000e+01  2.3000000e+01  2.3000000e+01  2.4000000e+01  2.4000000e+01
  2.4000000e+01  2.4000000e+01  2.5000000e+01  2.5000000e+01  2.5000000e+01
  2.5000000e+01  2.6000000e+01  2.6000000e+01  2.6000000e+01  2.6000000e+01
  2.7000000e+01  2.7000000e+01  2.7000000e+01  2.7000000e+01  2.8000000e+01
  2.8000000e+01  2.8000000e+01  2.8000000e+01  2.9000000e+01  2.9000000e+01
  2.9000000e+01  2.9000000e+01  3.0000000e+01  3.0000000e+01  3.0000000e+01
  3.0000000e+01  3.1000000e+01  3.1000000e+01  3.1000000e+01  3.1000000e+01
  1.0000000e+00  1.0000000e+00  1.0000000e+00  1.0000000e+00  2.0000000e+00
  2.0000000e+00  2.0000000e+00  2.0000000e+00  3.0000000e+00  3.0000000e+00
  3.0000000e+00  3.0000000e+00  4.0000000e+00  4.0000000e+00  4.0000000e+00
  4.0000000e+00  5.0000000e+00  5.0000000e+00  5.0000000e+00  5.0000000e+00
  6.0000000e+00  6.0000000e+00  6.0000000e+00  6.0000000e+00  7.0000000e+00
  7.0000000e+00  7.0000000e+00  7.0000000e+00  8.0000000e+00  8.0000000e+00
  8.0000000e+00  8.0000000e+00  9.0000000e+00  9.0000000e+00  9.0000000e+00
  9.0000000e+00  1.0000000e+01  1.0000000e+01  1.0000000e+01  1.0000000e+01
  1.1000000e+01  1.1000000e+01  1.1000000e+01  1.1000000e+01  1.2000000e+01
  1.2000000e+01  1.2000000e+01  1.2000000e+01  1.3000000e+01  1.3000000e+01
  1.3000000e+01  1.3000000e+01  1.4000000e+01  1.4000000e+01  1.4000000e+01
                                              Hour
  6.0000000e+00  1.2000000e+01  1.8000000e+01  0.0000000e+00  6.0000000e+00
  1.2000000e+01  1.8000000e+01  0.0000000e+00  6.0000000e+00  1.2000000e+01
  1.8000000e+01  0.0000000e+00  6.0000000e+00  1.2000000e+01  1.8000000e+01
  0.0000000e+00  6.0000000e+00  1.2000000e+01  1.8000000e+01  0.0000000e+00
  6.0000000e+00  1.2000000e+01  1.8000000e+01  0.0000000e+00  6.0000000e+00
  1.2000000e+01  1.8000000e+01  0.0000000e+00  6.0000000e+00  1.2000000e+01
  1.8000000e+01  0.0000000e+00  6.0000000e+00  1.2000000e+01  1.8000000e+01
  0.0000000e+00  6.0000000e+00  1.2000000e+01  1.8000000e+01  0.0000000e+00
  6.0000000e+00  1.2000000e+01  1.8000000e+01  0.0000000e+00  6.0000000e+00
  1.2000000e+01  1.8000000e+01  0.0000000e+00  6.0000000e+00  1.2000000e+01
  1.8000000e+01  0.0000000e+00  6.0000000e+00  1.2000000e+01  1.8000000e+01
  0.0000000e+00  6.0000000e+00  1.2000000e+01  1.8000000e+01  0.0000000e+00
  6.0000000e+00  1.2000000e+01  1.8000000e+01  0.0000000e+00  6.0000000e+00
  1.2000000e+01  1.8000000e+01  0.0000000e+00  6.0000000e+00  1.2000000e+01
  1.8000000e+01  0.0000000e+00  6.0000000e+00  1.2000000e+01  1.8000000e+01
  0.0000000e+00  6.0000000e+00  1.2000000e+01  1.8000000e+01  0.0000000e+00
  6.0000000e+00  1.2000000e+01  1.8000000e+01  0.0000000e+00  6.0000000e+00
  1.2000000e+01  1.8000000e+01  0.0000000e+00  6.0000000e+00  1.2000000e+01
  1.8000000e+01  0.0000000e+00  6.0000000e+00  1.2000000e+01  1.8000000e+01
  0.0000000e+00  6.0000000e+00  1.2000000e+01  1.8000000e+01  0.0000000e+00
  6.0000000e+00  1.2000000e+01  1.8000000e+01  0.0000000e+00  6.0000000e+00
  1.2000000e+01  1.8000000e+01  0.0000000e+00  6.0000000e+00  1.2000000e+01
  1.8000000e+01  0.0000000e+00  6.0000000e+00  1.2000000e+01  1.8000000e+01
  0.0000000e+00  6.0000000e+00  1.2000000e+01  1.8000000e+01  0.0000000e+00
  6.0000000e+00  1.2000000e+01  1.8000000e+01  0.0000000e+00  6.0000000e+00
  1.2000000e+01  1.8000000e+01  0.0000000e+00  6.0000000e+00  1.2000000e+01
  1.8000000e+01  0.0000000e+00  6.0000000e+00  1.2000000e+01  1.8000000e+01
  0.0000000e+00  6.0000000e+00  1.2000000e+01  1.8000000e+01  0.0000000e+00
  6.0000000e+00  1.2000000e+01  1.8000000e+01  0.0000000e+00  6.0000000e+00
  1.2000000e+01  1.8000000e+01  0.0000000e+00  6.0000000e+00  1.2000000e+01
  1.8000000e+01  0.0000000e+00  6.0000000e+00  1.2000000e+01  1.8000000e+01
  0.0000000e+00  6.0000000e+00  1.2000000e+01  1.8000000e+01  0.0000000e+00
  6.0000000e+00  1.2000000e+01  1.8000000e+01  0.0000000e+00  6.0000000e+00
  1.2000000e+01  1.8000000e+01  0.0000000e+00  6.0000000e+00  1.2000000e+01
  1.8000000e+01  0.0000000e+00  6.0000000e+00  1.2000000e+01  1.8000000e+01
  0.0000000e+00  6.0000000e+00  1.2000000e+01  1.8000000e+01  0.0000000e+00
  6.0000000e+00  1.2000000e+01  1.8000000e+01  0.0000000e+00  6.0000000e+00
  1.2000000e+01  1.8000000e+01  0.0000000e+00  6.0000000e+00  1.2000000e+01
  1.8000000e+01  0.0000000e+00  6.0000000e+00  1.2000000e+01  1.8000000e+01
  0.0000000e+00  6.0000000e+00  1.2000000e+01  1.8000000e+01  0.0000000e+00
  6.0000000e+00  1.2000000e+01  1.8000000e+01  0.0000000e+00  6.0000000e+00
  1.2000000e+01  1.8000000e+01  0.0000000e+00  6.0000000e+00  1.2000000e+01
                                            Minute
  0.0000000e+00  0.0000000e+00  0.0000000e+00  0.0000000e+00  0.0000000e+00
  0.0000000e+00  0.0000000e+00  0.0000000e+00  0.0000000e+00  0.0000000e+00
  0.0000000e+00  0.0000000e+00  0.0000000e+00  0.0000000e+00  0.0000000e+00
  0.0000000e+00  0.0000000e+00  0.0000000e+00  0.0000000e+00  0.0000000e+00
  0.0000000e+00  0.0000000e+00  0.0000000e+00  0.0000000e+00  0.0000000e+00
  0.0000000e+00  0.0000000e+00  0.0000000e+00  0.0000000e+00  0.0000000e+00
  0.0000000e+00  0.0000000e+00  0.0000000e+00  0.0000000e+00  0.0000000e+00
  0.0000000e+00  0.0000000e+00  0.0000000e+00  0.0000000e+00  0.0000000e+00
  0.0000000e+00  0.0000000e+00  0.0000000e+00  0.0000000e+00  0.0000000e+00
  0.0000000e+00  0.0000000e+00  0.0000000e+00  0.0000000e+00  0.0000000e+00
  0.0000000e+00  0.0000000e+00  0.0000000e+00  0.0000000e+00  0.0000000e+00
  0.0000000e+00  0.0000000e+00  0.0000000e+00  0.0000000e+00  0.0000000e+00
  0.0000000e+00  0.0000000e+00  0.0000000e+00  0.0000000e+00  0.0000000e+00
  0.0000000e+00  0.0000000e+00  0.0000000e+00  0.0000000e+00  0.0000000e+00
  0.0000000e+00  0.0000000e+00  0.0000000e+00  0.0000000e+00  0.0000000e+00
  0.0000000e+00  0.0000000e+00  0.0000000e+00  0.0000000e+00  0.0000000e+00
  0.0000000e+00  0.0000000e+00  0.0000000e+00  0.0000000e+00  0.0000000e+00
  0.0000000e+00  0.0000000e+00  0.0000000e+00  0.0000000e+00  0.0000000e+00
  0.0000000e+00  0.0000000e+00  0.0000000e+00  0.0000000e+00  0.0000000e+00
  0.0000000e+00  0.0000000e+00  0.0000000e+00  0.0000000e+00  0.0000000e+00
  0.0000000e+00  0.0000000e+00  0.0000000e+00  0.0000000e+00  0.0000000e+00
  0.0000000e+00  0.0000000e+00  0.0000000e+00  0.0000000e+00  0.0000000e+00
  0.0000000e+00  0.0000000e+00  0.0000000e+00  0.0000000e+00  0.0000000e+00
  0.0000000e+00  0.0000000e+00  0.0000000e+00  0.0000000e+00  0.0000000e+00
  0.0000000e+00  0.0000000e+00  0.0000000e+00  0.0000000e+00  0.0000000e+00
  0.0000000e+00  0.0000000e+00  0.0000000e+00  0.0000000e+00  0.0000000e+00
  0.0000000e+00  0.0000000e+00  0.0000000e+00  0.0000000e+00  0.0000000e+00
  0.0000000e+00  0.0000000e+00  0.0000000e+00  0.0000000e+00  0.0000000e+00
  0.0000000e+00  0.0000000e+00  0.0000000e+00  0.0000000e+00  0.0000000e+00
  0.0000000e+00  0.0000000e+00  0.0000000e+00  0.0000000e+00  0.0000000e+00
  0.0000000e+00  0.0000000e+00  0.0000000e+00  0.0000000e+00  0.0000000e+00
  0.0000000e+00  0.0000000e+00  0.0000000e+00  0.0000000e+00  0.0000000e+00
  0.0000000e+00  0.0000000e+00  0.0000000e+00  0.0000000e+00  0.0000000e+00
  0.0000000e+00  0.0000000e+00  0.0000000e+00  0.0000000e+00  0.0000000e+00
  0.0000000e+00  0.0000000e+00  0.0000000e+00  0.0000000e+00  0.0000000e+00
  0.0000000e+00  0.0000000e+00  0.0000000e+00  0.0000000e+00  0.0000000e+00
  0.0000000e+00  0.0000000e+00  0.0000000e+00  0.0000000e+00  0.0000000e+00
  0.0000000e+00  0.0000000e+00  0.0000000e+00  0.0000000e+00  0.0000000e+00
  0.0000000e+00  0.0000000e+00  0.0000000e+00  0.0000000e+00  0.0000000e+00
  0.0000000e+00  0.0000000e+00  0.0000000e+00  0.0000000e+00  0.0000000e+00
  0.0000000e+00  0.0000000e+00  0.0000000e+00  0.0000000e+00  0.0000000e+00
  0.0000000e+00  0.0000000e+00  0.0000000e+00  0.0000000e+00  0.0000000e+00
                                     Prec(mm/hour)
  2.3612499e-01  1.2983333e-01  8.9008331e-01  1.6654167e-01  6.3124996e-01
  1.1907083e+00  4.2570832e-01  7.9454166e-01  6.9166668e-02  1.2533332e-01
  2.5429168e-01  3.0841666e-01  2.7358332e-01  4.6437502e-01  2.6725000e-01
  8.5416667e-02  8.2524997e-01  6.8604165e-01  1.7508334e-01  1.5750000e-02
  1.2115000e+00  7.8391665e-01  1.2926667e+00  5.9025002e-01  1.2874999e-02
  6.6666672e-04  1.0537500e-01  7.7541664e-02  8.6666666e-02  3.6054167e-01
  6.6833332e-02  9.1583334e-02  1.5899999e-01  1.1916667e-02  1.6666668e-04
  4.1666670e-05  0.0000000e+00  8.3333340e-05  3.6666666e-03  1.3641666e-01
  4.2108333e-01  4.2133334e-01  1.5745834e-01  8.7083336e-03  5.8750003e-03
  1.0833333e-02  2.3333335e-03  3.5583332e-02  5.2125003e-02  7.6520830e-01
  4.2904165e-01  3.4800002e-01  8.1625000e-02  1.5833332e-03  4.1666668e-02
  8.1250004e-02  1.0583334e-02  9.1958337e-02  9.3416668e-02  2.0833332e-04
  2.9250002e-02  2.2041665e-02  9.0000005e-03  2.8666668e-02  1.8966667e-01
  3.4987500e-01  1.0866667e-01  1.4416666e-01  7.7458329e-02  2.9170832e-01
  8.8370830e-01  4.7833335e-02  1.5762500e-01  4.4679165e-01  1.2672917e+00
  4.0918751e+00  2.4754167e-01  1.2500001e-04  9.1249999e-03  5.8333334e-03
  2.4625001e-02  8.9458339e-02  1.0033333e-01  1.5833333e-02  2.7666666e-02
  1.6000001e-02  2.2333333e-02  4.8958331e-02  4.3824998e-01  1.3758750e+00
  8.6541660e-02  1.2500001e-04  3.6666666e-03  1.3508333e-01  1.0250000e-02
  8.6666672e-03  5.2750003e-02  5.1916670e-02  2.1320833e-01  3.3383334e-01
  2.2733332e-01  4.6329167e-01  1.4337499e-01  1.1562500e-01  7.7583335e-02
  1.1058334e-01  5.8583337e-01  1.1682917e+00  2.3683333e-01  1.6666668e-04
  5.8333337e-04  1.0000000e-03  2.0833332e-04  3.3333336e-04  3.3333332e-03
  6.0666665e-02  1.3029167e-01  1.0150000e-01  2.5645834e-01  3.2500002e-01
  1.4174999e-01  3.1250000e-03  7.2254163e-01  6.3333333e-02  1.9916667e-02
  5.2125003e-02  6.3083336e-02  2.9625000e-02  6.0458332e-02  2.9375002e-01
  1.0326251e+00  2.0708334e-02  2.4499999e-02  2.1908332e-01  6.0041666e-02
  9.7083328e-03  6.1291665e-02  7.4041665e-02  2.6437500e-01  1.5125000e-02
  1.6666666e-03  1.0350000e-01  8.2258338e-01  7.7566665e-01  2.1833332e-01
  8.1458338e-02  6.3791670e-02  6.2000000e-01  8.8895828e-01  7.4958332e-02
  3.5150000e-01  3.3333335e-02  2.8200001e-01  1.5291667e-01  3.1125000e-02
  3.7833333e-02  1.8349999e-01  8.4833331e-02  2.5666667e-02  1.3958334e-02
  2.5833333e-03  1.3804166e-01  3.1966665e-01  2.6876667e+00  1.2741667e+00
  4.1970834e-01  5.0208336e-01  1.3750000e-03  1.4366667e-01  2.0099999e-01
  1.4737500e-01  3.9887500e-01  3.4875002e-02  9.0416661e-03  7.4208334e-02
  1.3779166e-01  2.2933334e-01  5.3708334e-02  5.7083335e-02  3.0979165e-01
  1.0722500e+00  4.7325000e-01  1.0304167e-01  6.7066669e-01  6.3700002e-01
  2.5020835e-01  1.1683333e-01  4.1666669e-03  3.1624999e-02  7.0000000e-02
  2.0416668e-02  2.3000000e-02  9.9958330e-02  2.6645833e-01  6.9954163e-01
  3.8129166e-01  2.2624999e-01  1.9541667e-01  3.1841668e-01  2.4879168e-01
  4.2250001e-01  1.7208332e-02  4.8750001e-03  8.2083335e-03  1.2625000e-02
  3.9249998e-02  1.5012500e-01  1.9333333e-02  1.8250000e-01  2.2575001e-01
                                  LH_(upward_W/m2)
  1.9017921e+02  2.1981139e+02  2.3209590e+02  1.7497758e+02  1.2084921e+02
  1.3276790e+02  1.7743938e+02  1.6026796e+02  1.6018489e+02  1.0904706e+02
  1.1359030e+02  1.1063770e+02  9.3681374e+01  9.4609467e+01  1.0012030e+02
  6.8480141e+01  9.1650146e+01  1.1407449e+02  8.3073296e+01  8.5874168e+01
  8.5844200e+01  6.1728058e+01  6.6835144e+01  7.2854645e+01  5.1616894e+01
  4.4063824e+01  6.8902031e+01  1.0101590e+02  5.2611160e+01  2.9401239e+01
  5.8288239e+01  7.8978767e+01  7.9047798e+01  7.8026306e+01  7.4456947e+01
  8.4327873e+01  8.9394012e+01  7.2192574e+01  7.7139473e+01  8.9105019e+01
  1.0807562e+02  6.8734779e+01  5.7659546e+01  6.8235893e+01  6.4976173e+01
  8.1848320e+01  9.2095886e+01  9.2640053e+01  6.8940300e+01  6.5330849e+01
  7.6262726e+01  5.5116364e+01  7.8961967e+01  7.5680641e+01  6.9409981e+01
  5.9749058e+01  8.5523735e+01  6.7607361e+01  1.3928111e+02  8.0197571e+01
  7.2904976e+01  8.0144531e+01  9.1613953e+01  7.8538887e+01  1.0599496e+02
  8.7816811e+01  7.7063835e+01  4.5265091e+01  5.9028446e+01  7.9183617e+01
  6.3403263e+01  1.0110264e+02  6.3552353e+01  2.2863434e+01  6.9608452e+01
  8.3942841e+01  5.6070740e+01  7.8019783e+01  8.4368164e+01  9.4412025e+01
  9.7400635e+01  6.6879021e+01  9.9691475e+01  1.1723833e+02  8.0571869e+01
  6.4242386e+01  6.7923302e+01  9.0983269e+01  1.0051978e+02  1.0199648e+02
  9.7936256e+01  4.4621380e+01  6.1803844e+01  9.7981483e+01  8.5427177e+01
  8.5345947e+01  8.0834290e+01  7.1331398e+01  8.4732628e+01  7.8473518e+01
  8.4792107e+01  8.8907249e+01  5.5734859e+01  7.5271614e+01  7.7894310e+01
  6.1364201e+01  5.9590618e+01  7.4375618e+01  5.3949085e+01  2.5406931e+01
  5.2847622e+01  5.3484173e+01  7.1568001e+01  7.1169128e+01  9.4090797e+01
  7.9922012e+01  1.0109780e+02  8.8173637e+01  9.5961891e+01  9.6562157e+01
  1.0859315e+02  6.9487877e+01  8.9024628e+01  1.0134739e+02  1.0460094e+02
  7.5780220e+01  8.6133270e+01  8.6840607e+01  7.6976952e+01  7.3891251e+01
  7.5210060e+01  5.9647247e+01  5.5553600e+01  6.5688713e+01  9.6179573e+01
  8.1885445e+01  6.3956257e+01  5.6055309e+01  6.7450111e+01  7.4743202e+01
  8.0754906e+01  7.6740105e+01  7.3235161e+01  6.5285774e+01  5.8700001e+01
  8.1157372e+01  9.5128174e+01  9.0015381e+01  8.2652191e+01  8.1009468e+01
  7.3074821e+01  9.0273079e+01  8.3473885e+01  2.7371149e+01  5.9363697e+01
  5.5662930e+01  8.5051399e+01  7.1746086e+01  9.3412132e+01  1.1006252e+02
  1.0254910e+02  8.3908882e+01  6.6694115e+01  8.2468681e+01  6.9302650e+01
  6.3753597e+01  8.0812592e+01  8.4028595e+01  9.6309532e+01  9.6243530e+01
  8.5841408e+01  1.2431445e+02  9.2554451e+01  1.3017284e+02  1.0632629e+02
  1.1155798e+02  9.2512550e+01  9.2775734e+01  9.2682655e+01  9.7814476e+01
  8.6009193e+01  1.1254275e+02  1.0823199e+02  1.1946767e+02  8.8243896e+01
  5.8161957e+01  9.4501472e+01  1.1513566e+02  8.8307030e+01  1.0438644e+02
  1.2717153e+02  9.7304871e+01  8.1804619e+01  8.5609093e+01  1.0079352e+02
  5.4633152e+01  7.6516090e+01  8.2885712e+01  9.0646233e+01  9.1949516e+01
  1.2866142e+02  4.6476593e+01  8.1983696e+01  5.3710754e+01  7.1436707e+01
  4.0320400e+01  7.2302376e+01  9.9645638e+01  9.1063171e+01  7.1974731e+01
                                  SH_(upward_W/m2)
  1.2356606e+01  1.6901152e+01  1.8363396e+01  1.1206784e+01  4.0121245e-01
  9.9733896e+00  7.7124152e+00  1.6660013e+01  8.1252832e+00  8.2501364e+00
  8.2434702e+00  1.3361481e+01  5.4622784e+00  8.6324844e+00  7.1702580e+00
  5.2758775e+00  5.7324643e+00  9.5257311e+00  3.0000000e+00  9.6323271e+00
  6.7456374e+00  6.5376687e+00  6.1488128e+00  9.6508236e+00  5.0985970e+00
  5.0757561e+00  6.0374017e+00  4.3142773e+01  2.3732927e+01  4.2522526e+00
  1.1334554e+01  2.7033218e+01  1.3590373e+01  8.4999933e+00  1.0548347e+01
  3.5935745e+01  2.8194773e+01  3.4099445e+00  6.7183175e+00  1.4349387e+01
  1.2486549e+01  9.2094622e+00  1.1672856e+01  9.0825920e+00  7.3979359e+00
  9.8174829e+00  1.1412333e+01  1.1209633e+01  9.2955790e+00  5.3822517e+00
  1.2824727e+01  7.5525780e+00  1.2493164e+01  9.3432541e+00  7.9812679e+00
  8.2609415e+00  8.9292727e+00  1.1205585e+01  9.4135695e+00  8.3759813e+00
  7.8530850e+00  1.1849151e+01  1.2399571e+01  1.1821518e+01  7.0874367e+00
  9.8448992e+00  1.4270512e+01  1.2774949e+01  7.9573002e+00  1.3783834e+01
  1.1051079e+01  3.6883247e+01  1.2997914e+01  2.5086355e-01  1.3702590e+01
  1.8841722e+01  7.0793033e+00  1.0765113e+01  1.1064526e+01  1.7620567e+01
  5.6444840e+00  1.0353218e+01  1.5190969e+01  1.2613217e+01  7.3001885e+00
  4.8035126e+00  9.0974426e+00  1.2591575e+01  1.2161593e+01  3.1218130e+01
  2.3539246e+01  1.1497868e+01  9.1912069e+00  1.8981462e+01  1.3274388e+01
  9.2392426e+00  1.2223022e+01  6.0232501e+00  1.0954671e+01  1.4610424e+01
  1.5814139e+01  8.8614702e+00  1.1444435e+01  1.1160931e+01  1.2699886e+01
  6.0978298e+00  8.8325663e+00  2.2869728e+01  1.0536147e+01  2.3382905e+00
  1.3968329e+01  1.7955481e+01  7.9646735e+00  7.5912452e+00  9.1451445e+00
  1.0430667e+01  1.4465276e+01  1.5490890e+01  1.6682032e+01  1.0226216e+01
  1.6404787e+01  1.1892114e+01  1.5376316e+01  1.7864185e+01  1.6648842e+01
  1.4813866e+01  1.4950706e+01  9.8778582e+00  5.9115543e+00 -8.6839038e-01
  1.3057522e+01  1.0736768e+01  8.0256300e+00  1.0401905e+01  1.3299232e+01
  1.2816093e+01  1.0426947e+01  1.3198310e+01  1.1430069e+01  1.1532689e+01
  8.7899284e+00  8.8671188e+00  2.8112557e+00  1.3332067e+01  1.1252808e+01
  1.2303235e+01  1.4096070e+01  1.4064708e+01  1.9557858e+01  1.2875126e+01
  1.1576652e+01  4.1065380e+01  1.6153767e+01  2.5249352e+00  8.7904367e+00
  1.6662874e+01  1.3614842e+01  1.1504489e+01  1.2616085e+01  1.5039914e+01
  1.1047650e+01  1.0780666e+01  1.1072995e+01  2.2232302e+01  7.2777138e+00
  1.5571796e+01  2.0641165e+01  1.6225691e+01  1.3393939e+01  1.5461365e+01
  1.3128186e+01  1.0940928e+01  1.1113197e+01  1.0131237e+01  6.5621543e+00
  8.4188757e+00  4.6323247e+00  9.3146162e+00  9.0634527e+00  4.1690197e+00
  2.2200630e+00  1.1395469e+01  1.2588870e+01  1.5295646e+01  6.4577889e+00
  5.4443531e+00  6.7188168e+00  5.9056053e+00  3.1433318e+00  8.8421001e+00
  8.7998285e+00  3.4377406e+00  2.9623401e+00  7.3611665e+00  6.7056966e+00
  6.5746160e+00  5.9134026e+00  1.0005850e+01  9.0569458e+00  6.2945137e+00
  1.1122348e+01  4.4445634e+00  7.2832541e+00  5.0255837e+00  4.1066461e+00
  3.2511098e+00  6.8488708e+00  5.7555556e+00  3.2688248e+00  6.9447293e+00
                                  Area_Mean_Ps(mb)
  1.0099710e+03  1.0093767e+03  1.0085563e+03  1.0089567e+03  1.0060604e+03
  1.0092333e+03  1.0076824e+03  1.0095967e+03  1.0066758e+03  1.0088458e+03
  1.0063267e+03  1.0080350e+03  1.0061554e+03  1.0077408e+03  1.0069347e+03
  1.0090970e+03  1.0088829e+03  1.0102880e+03  1.0089883e+03  1.0108237e+03
  1.0096549e+03  1.0119854e+03  1.0107399e+03  1.0121896e+03  1.0106279e+03
  1.0105479e+03  1.0097496e+03  1.0110833e+03  1.0091650e+03  1.0110526e+03
  1.0093779e+03  1.0102363e+03  1.0091704e+03  1.0107941e+03  1.0097863e+03
  1.0112355e+03  1.0091483e+03  1.0107509e+03  1.0092975e+03  1.0108008e+03
  1.0096522e+03  1.0104250e+03  1.0086883e+03  1.0098212e+03  1.0089817e+03
  1.0110763e+03  1.0097133e+03  1.0102588e+03  1.0087942e+03  1.0109188e+03
  1.0096554e+03  1.0106691e+03  1.0095371e+03  1.0108105e+03  1.0096108e+03
  1.0110238e+03  1.0093104e+03  1.0111000e+03  1.0101600e+03  1.0109375e+03
  1.0095358e+03  1.0113667e+03  1.0095958e+03  1.0105896e+03  1.0083242e+03
  1.0108258e+03  1.0093812e+03  1.0104562e+03  1.0085142e+03  1.0111071e+03
  1.0099012e+03  1.0109153e+03  1.0087504e+03  1.0106221e+03  1.0091275e+03
  1.0110042e+03  1.0087134e+03  1.0106692e+03  1.0092609e+03  1.0102203e+03
  1.0078108e+03  1.0096254e+03  1.0078200e+03  1.0094046e+03  1.0081021e+03
  1.0101104e+03  1.0089446e+03  1.0098733e+03  1.0084567e+03  1.0105175e+03
  1.0089695e+03  1.0100046e+03  1.0085458e+03  1.0107634e+03  1.0094666e+03
  1.0112834e+03  1.0094333e+03  1.0115833e+03  1.0118667e+03  1.0126500e+03
  1.0101000e+03  1.0117441e+03  1.0107050e+03  1.0120333e+03  1.0099033e+03
  1.0111750e+03  1.0104863e+03  1.0118463e+03  1.0100358e+03  1.0106467e+03
  1.0099333e+03  1.0115175e+03  1.0100258e+03  1.0120767e+03  1.0108133e+03
  1.0123325e+03  1.0100887e+03  1.0125342e+03  1.0116454e+03  1.0128662e+03
  1.0110796e+03  1.0132983e+03  1.0112983e+03  1.0119904e+03  1.0096201e+03
  1.0114637e+03  1.0087738e+03  1.0102129e+03  1.0082512e+03  1.0106141e+03
  1.0087184e+03  1.0096630e+03  1.0078104e+03  1.0104387e+03  1.0088691e+03
  1.0100083e+03  1.0083029e+03  1.0102483e+03  1.0090300e+03  1.0097292e+03
  1.0083862e+03  1.0105233e+03  1.0090167e+03  1.0103029e+03  1.0086459e+03
  1.0102996e+03  1.0093279e+03  1.0102579e+03  1.0088450e+03  1.0102462e+03
  1.0097213e+03  1.0106146e+03  1.0094480e+03  1.0114009e+03  1.0101259e+03
  1.0108321e+03  1.0095630e+03  1.0106692e+03  1.0088925e+03  1.0094988e+03
  1.0078250e+03  1.0090817e+03  1.0081841e+03  1.0098982e+03  1.0097097e+03
  1.0109513e+03  1.0101613e+03  1.0102950e+03  1.0093284e+03  1.0110342e+03
  1.0105750e+03  1.0107000e+03  1.0089333e+03  1.0112500e+03  1.0103250e+03
  1.0112375e+03  1.0091667e+03  1.0101000e+03  1.0101500e+03  1.0113333e+03
  1.0100667e+03  1.0112500e+03  1.0098833e+03  1.0111500e+03  1.0103000e+03
  1.0117166e+03  1.0107334e+03  1.0105000e+03  1.0085833e+03  1.0108667e+03
  1.0092667e+03  1.0092834e+03  1.0079250e+03  1.0096833e+03  1.0089167e+03
  1.0097667e+03  1.0091000e+03  1.0104666e+03  1.0098000e+03  1.0114000e+03
  1.0094500e+03  1.0115000e+03  1.0101000e+03  1.0122000e+03  1.0097603e+03
  1.0117000e+03  1.0092000e+03  1.0115000e+03  1.0091000e+03  1.0110000e+03
                                         Ts_Air(C)
  2.7822483e+01  2.7834167e+01  2.6913792e+01  2.8146957e+01  2.8080750e+01
  2.7905926e+01  2.7613117e+01  2.6196573e+01  2.7595497e+01  2.7435509e+01
  2.7375378e+01  2.8210375e+01  2.8082638e+01  2.7471624e+01  2.7226473e+01
  2.8217093e+01  2.7532526e+01  2.7210533e+01  2.6508738e+01  2.9021156e+01
  2.7598839e+01  2.6077600e+01  2.6718977e+01  2.6698204e+01  2.7334087e+01
  2.6393021e+01  2.6762505e+01  2.9562559e+01  2.8667873e+01  2.6173836e+01
  2.6738707e+01  2.9559549e+01  2.8131248e+01  2.6854733e+01  2.7246956e+01
  2.8523079e+01  2.8316282e+01  2.7313848e+01  2.7479317e+01  2.8545389e+01
  2.8238152e+01  2.7552494e+01  2.7446415e+01  2.8546045e+01  2.8271418e+01
  2.7772350e+01  2.7528193e+01  2.8733410e+01  2.8424694e+01  2.7466652e+01
  2.7050880e+01  2.8360458e+01  2.7905800e+01  2.7372169e+01  2.7403038e+01
  2.8503448e+01  2.8185017e+01  2.7533974e+01  2.7505047e+01  2.8923086e+01
  2.8806568e+01  2.7646444e+01  2.7707542e+01  2.8907124e+01  2.8595512e+01
  2.7720234e+01  2.7901785e+01  2.8792442e+01  2.8380615e+01  2.7296360e+01
  2.7039577e+01  2.8527149e+01  2.8251072e+01  2.7402771e+01  2.7241953e+01
  2.6190205e+01  2.6548359e+01  2.6721813e+01  2.7069824e+01  2.7589901e+01
  2.7354261e+01  2.7177805e+01  2.7616026e+01  2.8737349e+01  2.8360973e+01
  2.7621429e+01  2.7648617e+01  2.8806694e+01  2.8281895e+01  2.6722105e+01
  2.6947992e+01  2.8868120e+01  2.8240448e+01  2.6927454e+01  2.7043686e+01
  2.8837158e+01  2.8285070e+01  2.7387396e+01  2.7571564e+01  2.7967880e+01
  2.7713409e+01  2.6907255e+01  2.7236265e+01  2.9254187e+01  2.8627522e+01
  2.7211752e+01  2.6918314e+01  2.7816050e+01  2.6580095e+01  2.6459019e+01
  2.6883606e+01  2.9583761e+01  3.0347786e+01  2.7552792e+01  2.7790876e+01
  2.9246223e+01  2.8100000e+01  2.7699791e+01  2.7016640e+01  2.8113430e+01
  2.7436390e+01  2.7258442e+01  2.7404694e+01  2.8652267e+01  2.8688873e+01
  2.7664816e+01  2.7687283e+01  2.9350399e+01  2.9080175e+01  2.7575392e+01
  2.7343187e+01  2.8664440e+01  2.8322382e+01  2.7873293e+01  2.7601629e+01
  2.8512733e+01  2.8497362e+01  2.7922483e+01  2.7592243e+01  2.8483013e+01
  2.8537189e+01  2.7910536e+01  2.7536293e+01  2.8412319e+01  2.7983509e+01
  2.7884663e+01  2.7859772e+01  2.8651163e+01  2.7557703e+01  2.7769621e+01
  2.7679302e+01  2.8691780e+01  2.8492878e+01  2.7793041e+01  2.7850494e+01
  2.8811407e+01  2.8735592e+01  2.8080824e+01  2.7890417e+01  2.8952494e+01
  2.8737534e+01  2.8150476e+01  2.8221695e+01  2.8339479e+01  2.7662001e+01
  2.8070938e+01  2.7536516e+01  2.8661793e+01  2.9187645e+01  2.9067524e+01
  2.8337500e+01  2.8250000e+01  2.7533333e+01  2.7550001e+01  2.6799999e+01
  2.8025000e+01  2.7600000e+01  2.7275002e+01  2.7400000e+01  2.8766668e+01
  2.7100000e+01  2.6500000e+01  2.6716667e+01  2.7400000e+01  2.6483332e+01
  2.6183334e+01  2.6250000e+01  2.8850000e+01  2.8449999e+01  2.7600000e+01
  2.7550001e+01  2.9033335e+01  2.8225000e+01  2.7750000e+01  2.7216667e+01
  2.7683334e+01  2.7449999e+01  2.6416666e+01  2.7049997e+01  2.8250000e+01
  2.8299999e+01  2.6400000e+01  2.5900002e+01  2.8900000e+01  2.7800209e+01
  2.7799999e+01  2.7174999e+01  2.8700001e+01  2.9100000e+01  2.6700001e+01
                               Srf_wind_speed(m/s)
  9.1685896e+00  8.9226923e+00  9.2769241e+00  9.2641020e+00  9.8539848e+00
  9.5159607e+00  7.1899495e+00  7.0202703e+00  9.1125631e+00  9.1626635e+00
  8.9380159e+00  7.6259875e+00  6.5679679e+00  4.8870897e+00  7.4884472e+00
  5.3882303e+00  4.0614915e+00  4.6284451e+00  3.5483553e+00  2.2434080e+00
  4.6642232e+00  6.3644457e-01  1.4183998e+00  1.1986957e+00  3.2750022e+00
  1.4105821e+00  3.4889672e+00  2.1646204e+00  2.7971292e+00  2.0320413e+00
  2.7063341e+00  5.0971913e+00  3.9688807e+00  6.4654412e+00  4.9375701e+00
  3.0349150e+00  4.6684664e-01  3.0630372e+00  4.4964004e+00  6.1801553e+00
  5.5658064e+00  6.9040413e+00  6.8940063e+00  6.5981450e+00  6.2340193e+00
  5.9089112e+00  5.5411458e+00  5.0593524e+00  5.0599146e+00  7.4475951e+00
  6.4883990e+00  5.1955056e+00  5.8259144e+00  5.9230165e+00  3.9970012e+00
  3.8798862e+00  3.2034478e+00  4.0641675e+00  4.9039311e+00  4.3622580e+00
  4.8114281e+00  5.3623896e+00  4.8330541e+00  5.5019870e+00  7.4601679e+00
  8.3694458e+00  9.1436644e+00  8.5509806e+00  5.9093199e+00  5.4534822e+00
  2.6014111e+00  1.8424776e+00  2.6018512e+00  1.2241873e+00  4.6459355e+00
  4.1273026e+00  2.0171871e+00  3.9874058e+00  4.5913601e+00  5.1765103e+00
  6.4673309e+00  6.9687805e+00  8.0432310e+00  7.7305803e+00  6.2086964e+00
  4.5435348e+00  4.1295671e+00  3.8447545e+00  3.7470169e+00  6.9242277e+00
  6.8320489e+00  1.3130484e+00  2.2351904e+00  6.5109940e+00  4.4642506e+00
  4.8156619e+00  5.1647987e+00  5.4227204e+00  6.3086314e+00  5.4533491e+00
  5.6717811e+00  5.1633482e+00  4.6112185e+00  5.3033290e+00  5.2688022e+00
  3.8890719e+00  2.4322975e+00  2.1857960e+00  5.5158591e-01  4.9953663e-01
  6.4523113e-01  1.2450070e+00  2.1457906e+00  4.1254826e+00  4.0335031e+00
  6.2119255e+00  7.9048028e+00  8.3286133e+00  6.7355595e+00  6.5262504e+00
  5.3938928e+00  5.3745170e+00  6.1227360e+00  5.6318479e+00  5.9608479e+00
  6.9258180e+00  7.9033332e+00  8.1087198e+00  7.4238229e+00  7.1738777e+00
  5.8297453e+00  5.8655548e+00  6.4831381e+00  5.0046821e+00  5.7231417e+00
  6.9175553e+00  7.7204313e+00  7.8448081e+00  6.4383497e+00  6.1483936e+00
  6.0338516e+00  5.9831324e+00  6.2186894e+00  4.9576302e+00  3.8552899e+00
  5.6799550e+00  6.3629308e+00  7.0242167e+00  7.6559196e+00  4.4544973e+00
  3.6565573e+00  2.2861292e+00  2.3577018e+00  1.4942607e+00  1.5395149e+00
  1.4937879e+00  4.7239304e+00  6.9311085e+00  7.5890751e+00  7.0197406e+00
  5.1287022e+00  4.4163284e+00  3.5664840e+00  4.0952702e+00  1.5395449e+00
  3.6475937e+00  3.6092877e+00  3.7157388e+00  5.1750536e+00  3.9413218e+00
  5.9511976e+00  5.5218782e+00  5.7668753e+00  5.7554440e+00  5.1019154e+00
  4.4745789e+00  3.4931924e+00  4.0622082e+00  4.0136991e+00  3.6748986e+00
  4.1698785e+00  5.2119484e+00  4.3634524e+00  4.9280152e+00  3.9102798e+00
  2.1839757e+00  4.5257745e+00  4.6501102e+00  3.2042642e+00  5.4346313e+00
  4.6389995e+00  4.1368065e+00  4.3140149e+00  3.9395807e+00  3.9055431e+00
  1.3831322e+00  3.7546673e+00  2.3955648e+00  3.3123991e+00  4.2405338e+00
  4.7375989e+00  9.6517974e-01  4.2519908e+00  1.9976979e+00  3.1261358e+00
  1.8077383e+00  3.8543570e+00  4.2506614e+00  4.1643534e+00  2.5428557e+00
                                      u_wind_(m/s)
 -9.0110455e+00 -8.6541243e+00 -9.0998755e+00 -8.7694120e+00 -8.2074289e+00
 -7.9456849e+00 -5.9228578e+00 -5.5848317e+00 -6.6821980e+00 -8.6402998e+00
 -8.7718153e+00 -7.6215663e+00 -6.5240688e+00 -4.7951565e+00 -5.2308483e+00
 -4.8650918e+00 -3.7835357e+00 -3.7653825e+00 -1.7269545e+00 -2.2172465e+00
 -3.8143752e+00  4.3666157e-01  2.2992884e-01 -4.6006155e-01 -2.7304220e+00
 -9.5223993e-01 -3.4332724e+00 -1.2122000e+00  2.7968209e+00  8.8754719e-01
 -1.6001883e+00  9.4409305e-01  2.1616934e-02 -3.5073020e+00 -2.0871332e+00
  1.9203621e-01  3.5165152e-01 -1.2929281e+00 -2.7855685e+00 -4.4211636e+00
 -3.6856308e+00 -4.6339793e+00 -5.8354163e+00 -6.3312664e+00 -6.1570396e+00
 -5.5148787e+00 -4.7827802e+00 -4.1116796e+00 -4.3163586e+00 -7.4465623e+00
 -6.4729857e+00 -4.6519666e+00 -5.6605988e+00 -5.9207168e+00 -3.9927740e+00
 -3.8786895e+00 -2.4732399e+00 -3.2620652e+00 -4.7055488e+00 -4.3614283e+00
 -3.5488265e+00 -4.2552838e+00 -4.0546203e+00 -4.2877092e+00 -6.6407089e+00
 -8.1332388e+00 -8.4826727e+00 -8.3233652e+00 -5.3502040e+00 -1.1869098e+00
 -3.3338141e-01  1.0561993e+00  2.5718510e+00  7.1631956e-01  4.1857014e+00
  4.1232510e+00  1.9079676e+00 -2.4948838e+00 -2.9756892e+00 -4.2915273e+00
 -5.7193928e+00 -6.6906753e+00 -7.1723342e+00 -7.4763780e+00 -6.1058240e+00
 -4.4732327e+00 -3.9016228e+00 -3.4591591e+00 -3.5162382e+00 -5.6561031e+00
  5.8255190e-01 -1.3054597e+00 -1.9136857e+00 -6.4698448e+00 -4.3777552e+00
 -4.6665778e+00 -4.5041533e+00 -5.2634826e+00 -6.0064368e+00 -5.2873936e+00
 -5.6714554e+00 -5.0756030e+00 -4.6110272e+00 -5.3030076e+00 -5.2678609e+00
 -3.8120272e+00 -2.2946446e+00 -1.3091934e+00  5.1899379e-01  3.4225616e-01
 -1.4995481e-01 -8.0977732e-01 -2.1415243e+00 -4.1014562e+00 -3.5433235e+00
 -5.2171178e+00 -7.2116590e+00 -8.1401768e+00 -6.7352300e+00 -6.5144649e+00
 -5.3912816e+00 -5.1433978e+00 -4.7640405e+00 -4.0312352e+00 -4.2793851e+00
 -5.6318936e+00 -7.2767282e+00 -7.5688291e+00 -5.9221950e+00 -5.8711629e+00
 -5.5604019e+00 -5.7114348e+00 -6.4825516e+00 -4.7853742e+00 -5.4691200e+00
 -6.3230958e+00 -7.2779393e+00 -7.6767139e+00 -6.0771041e+00 -6.1000228e+00
 -5.3962197e+00 -5.4978986e+00 -4.9624038e+00 -4.3872538e+00 -3.3988578e+00
 -5.2059608e+00 -5.0070119e+00 -6.5715194e+00 -7.6546650e+00 -4.4487147e+00
 -3.6400337e+00  3.9794454e-01 -8.7989509e-02  1.0365394e+00 -1.1564912e+00
 -1.4256530e+00 -3.3378999e+00 -4.6275554e+00 -4.8816886e+00 -5.2424574e+00
 -4.8982177e+00 -4.3787980e+00 -3.4273727e+00 -3.7162001e+00 -1.2400442e+00
 -3.6157808e+00 -1.8496977e+00 -3.6469166e+00 -3.9043601e+00 -1.6516331e+00
 -5.3029404e+00 -5.3658862e+00 -5.2725186e+00 -5.4629602e+00 -5.0934997e+00
 -4.3550191e+00 -3.3818514e+00 -4.0429716e+00 -4.0048947e+00 -3.6659355e+00
 -4.1263595e+00 -5.1911893e+00 -4.3104482e+00 -4.9155455e+00 -3.6146049e+00
 -2.1162550e+00 -4.3983374e+00 -3.7129750e+00 -3.0435932e+00 -4.2946062e+00
 -4.2615881e+00 -3.9407237e+00 -4.1129708e+00 -3.7710238e+00 -3.6905398e+00
 -1.2363338e+00 -3.7534263e+00 -2.2937379e+00 -3.1010654e+00 -4.1174984e+00
 -4.7024350e+00  6.9270468e-01 -3.9046896e+00 -1.4473400e+00 -3.1246901e+00
  5.6542969e-01 -2.9447894e+00 -3.8156650e+00 -4.1583648e+00 -1.9531147e+00
                                       v_wind(m/s)
 -1.6923640e+00 -2.1726878e+00 -1.8037719e+00 -2.9868047e+00 -5.4533596e+00
 -5.2363725e+00 -4.0761662e+00 -4.2536864e+00 -6.1957269e+00 -3.0495293e+00
 -1.7156316e+00 -2.5964734e-01  7.5811046e-01 -9.4346213e-01  5.3586445e+00
  2.3160112e+00  1.4766755e+00  2.6915417e+00  3.0997508e+00  3.4160936e-01
 -2.6843097e+00  4.6302092e-01 -1.3996395e+00  1.1068941e+00 -1.8084345e+00
 -1.0406637e+00 -6.2091357e-01  1.7933636e+00 -4.1535635e-02 -1.8279639e+00
  2.1825769e+00  5.0089970e+00  3.9688218e+00  5.4314609e+00  4.4747596e+00
  3.0288334e+00  3.0706188e-01 -2.7767847e+00 -3.5296209e+00 -4.3182902e+00
 -4.1706505e+00 -5.1178141e+00 -3.6708639e+00 -1.8575740e+00 -9.7665721e-01
 -2.1216376e+00 -2.7980902e+00 -2.9480734e+00 -2.6404135e+00 -1.2403063e-01
  4.4696382e-01  2.3135440e+00  1.3780063e+00  1.6504292e-01  1.8377741e-01
 -9.6352279e-02 -2.0359669e+00 -2.4241261e+00 -1.3807071e+00  8.5071743e-02
 -3.2489491e+00 -3.2630942e+00 -2.6302984e+00 -3.4478123e+00 -3.3992784e+00
 -1.9743505e+00 -3.4133356e+00 -1.9598112e+00  2.5090597e+00  5.3227544e+00
  2.5799606e+00  1.5096909e+00  3.9396939e-01 -9.9273390e-01 -2.0160899e+00
 -1.8283176e-01  6.5475476e-01 -3.1104596e+00 -3.4965498e+00 -2.8946590e+00
 -3.0190923e+00 -1.9490428e+00 -3.6402178e+00 -1.9661241e+00 -1.1255325e+00
 -7.9617685e-01 -1.3530207e+00 -1.6781996e+00 -1.2946833e+00  3.9941742e+00
  6.8071675e+00 -1.4096381e-01 -1.1549386e+00 -7.3085499e-01  8.7452459e-01
 -1.1889700e+00 -2.5273998e+00 -1.3044728e+00 -1.9291322e+00 -1.3350976e+00
  6.0758233e-02 -9.4784945e-01  4.2007178e-02  5.8388036e-02 -9.9587850e-02
 -7.7027792e-01 -8.0664563e-01  1.7503475e+00  1.8679534e-01  3.6386475e-01
  6.2756413e-01  9.4567615e-01  1.3524245e-01 -4.4459295e-01 -1.9271754e+00
 -3.3718987e+00 -3.2369559e+00 -1.7616224e+00  6.6605307e-02 -3.9203823e-01
 -1.6781741e-01 -1.5591322e+00 -3.8460128e+00 -3.9327917e+00 -4.1495266e+00
 -4.0309715e+00 -3.0841370e+00 -2.9093239e+00 -4.4766898e+00 -4.1223741e+00
 -1.7515301e+00  1.3357563e+00 -8.7218367e-02 -1.4652781e+00 -1.6861420e+00
 -2.8055351e+00 -2.5761709e+00 -1.6152635e+00 -2.1263001e+00 -7.6971990e-01
 -2.6996620e+00 -2.3602931e+00 -3.7478857e+00 -2.3087010e+00 -1.8196224e+00
 -2.2715330e+00 -3.9264126e+00 -2.4808776e+00 -1.3860488e-01  2.2689424e-01
 -3.4722638e-01  2.2512279e+00  2.3560593e+00  1.0762902e+00  1.0161862e+00
 -4.4599995e-01 -3.3427448e+00 -5.1600385e+00 -5.8106093e+00 -4.6683402e+00
 -1.5202132e+00 -5.7453078e-01  9.8636979e-01  1.7207824e+00  9.1240829e-01
 -4.8069561e-01  3.0992863e+00 -7.1183842e-01 -3.3966386e+00 -3.5785649e+00
 -2.7010329e+00 -1.3032283e+00 -2.3361077e+00 -1.8114088e+00  2.9291964e-01
  1.0274550e+00 -8.7491381e-01  3.9486325e-01 -2.6570475e-01  2.5650942e-01
  6.0087097e-01 -4.6471369e-01 -6.7805195e-01 -3.5035229e-01  1.4916164e+00
 -5.3964275e-01 -1.0664247e+00 -2.7995253e+00 -1.0019233e+00 -3.3304014e+00
 -1.8328072e+00 -1.2585170e+00 -1.3016121e+00 -1.1400334e+00 -1.2779599e+00
 -6.2010753e-01  9.6525073e-02  6.9101202e-01  1.1642085e+00 -1.0140686e+00
  5.7614815e-01 -6.7211026e-01 -1.6831002e+00 -1.3769546e+00  9.5063925e-02
 -1.7170343e+00 -2.4868221e+00 -1.8731850e+00 -2.2325337e-01 -1.6283299e+00
                              Srf_Net_Dn_Rad(W/m2)
  1.8560150e+02 -2.1934479e+01  2.0822815e+01  3.6958582e+02  1.2941931e+02
 -2.9814850e+01  1.0848022e+01  2.7395807e+02  1.1555878e+02 -2.0646118e+01
  3.9800354e+01  4.0123859e+02  1.3120026e+02 -2.2635468e+01  3.6075531e+01
  4.7302048e+02  1.2944470e+02 -2.3991943e+01  5.0245178e+01  5.0842282e+02
  1.8622256e+02 -2.4454865e+01  4.8895447e+01  4.9852020e+02  2.2135425e+02
 -4.6393982e+01  1.2233643e+01  5.5798322e+02  1.9840178e+02 -2.3752228e+01
  1.5203491e+01  5.2176233e+02  2.1657361e+02 -5.2193207e+01 -2.4321594e+00
  5.5129010e+02  2.0824097e+02 -4.7851685e+01  2.0646362e+00  5.0036813e+02
  1.6087482e+02 -2.9160919e+01  9.1851196e+00  5.8596893e+02  2.4462885e+02
 -4.4819519e+01  1.7449463e+01  4.9695142e+02  1.5808258e+02 -3.4558624e+01
  1.7803864e+01  4.5668387e+02  2.1490778e+02 -4.7992828e+01  2.0151001e+01
  5.9946283e+02  2.3793781e+02 -4.5506256e+01  2.6122681e+01  6.2644690e+02
  2.7496390e+02 -4.7883362e+01  2.7488739e+01  6.0954248e+02  2.6994202e+02
 -3.3335480e+01  1.4851074e+01  4.8965533e+02  1.6486469e+02 -2.8587067e+01
  1.2962555e+01  4.4341022e+02  1.4312656e+02 -3.5471405e+01 -8.8989868e+00
  9.0281403e+01  2.1519897e+01 -3.5267212e+01  3.7214844e+01  5.9048083e+02
  2.5547955e+02 -3.7161926e+01  3.6984100e+01  5.8620691e+02  2.3641876e+02
 -5.0694153e+01  3.3084869e+01  4.8483630e+02  2.0365457e+02 -4.0527832e+01
  1.1465393e+01  5.0165097e+02  1.5116104e+02 -4.3380890e+01  1.7390228e+01
  5.5279559e+02  2.2613144e+02 -4.5232300e+01  3.1203522e+01  3.9056387e+02
  7.6519379e+01 -3.3852509e+01  3.1933929e+01  6.0454980e+02  2.1631750e+02
 -4.7684875e+01  4.8515991e+01  3.8188464e+02  9.5675354e+01 -3.0025757e+01
  6.7436523e+01  6.3844641e+02  2.7462427e+02 -3.5261261e+01  8.2368713e+01
  6.0540991e+02  2.2356865e+02 -2.2082001e+01  6.0209198e+01  4.1225500e+02
  1.6031390e+02 -2.4690948e+01  4.8734558e+01  5.1976282e+02  2.1784747e+02
 -3.8432739e+01  6.4548187e+01  5.6883191e+02  2.0588126e+02 -3.7020203e+01
  4.1080322e+00  4.2378830e+02  1.4370087e+02 -3.9867584e+01  3.5761078e+01
  5.8805792e+02  1.8117975e+02 -4.7992889e+01  1.9319794e+01  4.9256973e+02
  1.3613773e+02 -4.3705536e+01  3.6764587e+01  5.0644626e+02  7.4672943e+01
 -4.1187134e+01  1.5782532e+01  5.3853955e+02  6.8022247e+01 -3.6235321e+01
  1.2920013e+01  6.0047998e+02  1.9876384e+02 -4.8103149e+01  3.3876465e+01
  6.5697449e+02  2.1212827e+02 -4.4212616e+01  4.0196716e+01  6.4931799e+02
  1.4521210e+02 -4.0602081e+01  5.6607697e+01  2.8420966e+02  4.9403320e+01
 -1.6463257e+01  5.7914307e+01  5.8993549e+02  1.9656932e+02 -3.3415771e+01
  4.0081696e+01  3.4660846e+02  1.0610205e+02 -2.8292694e+01  6.7128967e+01
  6.7038019e+02  2.0520433e+02 -3.9522217e+01  6.8457123e+01  5.8016565e+02
  1.2214233e+02 -2.8219269e+01  4.2066589e+01  3.7533536e+02  8.4432831e+01
 -1.9965576e+01  5.9927551e+01  6.5813269e+02  2.0524208e+02 -4.0185608e+01
  7.3477173e+01  7.3468323e+02  2.3580222e+02 -2.1586639e+01  5.7641052e+01
  3.9650473e+02  1.0007285e+02 -2.9499146e+01  3.7293823e+01  5.4758014e+02
  1.5035464e+02 -4.4743530e+01  6.5670532e+01  7.2724854e+02  2.2912488e+02
 -3.9036438e+01  7.1290009e+01  6.8964557e+02  1.9862943e+02 -5.0103424e+01
                                   srf_sW_Up(W/m2)
  8.0340881e+00  0.0000000e+00  7.1195483e+00  7.8165146e+01  5.1039171e+00
  0.0000000e+00  5.5183730e+00  6.1089584e+01  4.8565645e+00  0.0000000e+00
  9.6556158e+00  9.4571098e+01  5.1447840e+00  0.0000000e+00  1.0787324e+01
  1.0623721e+02  7.0368319e+00  0.0000000e+00  1.2381589e+01  1.2461530e+02
  7.4375033e+00  0.0000000e+00  1.2331774e+01  1.1409382e+02  1.2092957e+01
  0.0000000e+00  1.2615023e+01  1.1198743e+02  7.4519668e+00  0.0000000e+00
  1.3530767e+01  1.3746391e+02  1.0868292e+01  0.0000000e+00  1.1918805e+01
  1.2769235e+02  9.8711681e+00  0.0000000e+00  1.2924824e+01  1.3161278e+02
  7.3773932e+00  0.0000000e+00  1.2916302e+01  1.4299919e+02  1.0810932e+01
  0.0000000e+00  1.1186769e+01  1.3120680e+02  1.0874105e+01  0.0000000e+00
  9.6529427e+00  1.1910176e+02  1.0539370e+01  0.0000000e+00  1.4129884e+01
  1.4606274e+02  1.2216506e+01  0.0000000e+00  1.3974268e+01  1.5004573e+02
  1.2744503e+01  0.0000000e+00  1.4731908e+01  1.5594353e+02  1.0530616e+01
  0.0000000e+00  7.6751027e+00  9.9677986e+01  6.3522067e+00  0.0000000e+00
  8.3391190e+00  1.1014928e+02  6.0894723e+00  0.0000000e+00  5.1417656e+00
  5.8686150e+01  2.5102983e+00  0.0000000e+00  1.2735482e+01  1.5936136e+02
  1.5391691e+01  0.0000000e+00  1.3981241e+01  1.5440096e+02  1.0037279e+01
  0.0000000e+00  1.1123648e+01  1.3062431e+02  7.2645059e+00  0.0000000e+00
  1.0657551e+01  1.3472716e+02  8.3354073e+00  0.0000000e+00  1.1878502e+01
  1.3693433e+02  1.0582645e+01  0.0000000e+00  1.1319862e+01  1.2413470e+02
  6.4501829e+00  0.0000000e+00  1.3647036e+01  1.4571649e+02  1.0781292e+01
  0.0000000e+00  1.2610164e+01  1.0526689e+02  4.3547544e+00  0.0000000e+00
  1.7123478e+01  1.5996873e+02  1.2700829e+01  0.0000000e+00  1.6818789e+01
  1.5689162e+02  9.4963474e+00  0.0000000e+00  1.3574965e+01  1.1308704e+02
  7.2272601e+00  0.0000000e+00  1.3199450e+01  1.3292763e+02  1.2677530e+01
  0.0000000e+00  1.6493071e+01  1.4344583e+02  9.5606956e+00  0.0000000e+00
  1.1961583e+01  1.0921224e+02  1.1461271e+01  0.0000000e+00  1.7476561e+01
  1.4556699e+02  1.0488875e+01  0.0000000e+00  1.6172895e+01  1.2487185e+02
  7.6913848e+00  0.0000000e+00  1.2289967e+01  9.3916130e+01  6.1364465e+00
  0.0000000e+00  1.4186588e+01  1.0183458e+02  4.2219567e+00  0.0000000e+00
  1.4947149e+01  1.1678651e+02  8.2952795e+00  0.0000000e+00  1.7174906e+01
  1.0238535e+02  1.0670378e+01  0.0000000e+00  1.7032928e+01  1.1457791e+02
  2.5052128e+01  0.0000000e+00  9.0276508e+00  4.7973686e+01  2.1619570e+00
  0.0000000e+00  1.4257505e+01  8.0039787e+01  8.5489740e+00  0.0000000e+00
  9.4284763e+00  5.2905437e+01  5.2008238e+00  0.0000000e+00  1.5080171e+01
  7.3303581e+01  8.5684986e+00  0.0000000e+00  1.5840212e+01  8.4052521e+01
  2.8020460e+01  0.0000000e+00  1.1607141e+01  3.3061749e+01  3.1349854e+00
  0.0000000e+00  1.5621222e+01  5.3035366e+01  8.9129429e+00  0.0000000e+00
  1.6915497e+01  5.7988575e+01  8.9566479e+00  0.0000000e+00  1.0413678e+01
  2.6693459e+01  3.6797776e+00  0.0000000e+00  1.2926260e+01  3.3722511e+01
  5.7322545e+00  0.0000000e+00  1.7951300e+01  3.8032536e+01  8.5933857e+00
  0.0000000e+00  1.6909231e+01  3.3548138e+01  8.0572472e+00  0.0000000e+00
                                   srf_SW_Dn(W/m2)
  2.1716754e+02  0.0000000e+00  5.3172749e+01  4.7145056e+02  1.5751843e+02
  0.0000000e+00  4.6937408e+01  3.5556235e+02  1.3595341e+02  0.0000000e+00
  7.5171356e+01  5.1645648e+02  1.5262210e+02 -1.0011945e-01  7.7316917e+01
  6.1081158e+02  1.5644878e+02 -4.1486064e-01  9.0751450e+01  6.5602942e+02
  2.1240457e+02  0.0000000e+00  8.8934525e+01  6.4255872e+02  2.6866571e+02
 -7.7670097e-01  6.4319443e+01  6.9732660e+02  2.3513472e+02 -6.8955725e-01
  6.5816811e+01  6.9601434e+02  2.6190555e+02 -9.3097246e-01  6.6760712e+01
  7.2657526e+02  2.6641193e+02 -1.1151928e+00  6.0864162e+01  6.6741858e+02
  1.9175607e+02 -5.7339209e-01  6.1745758e+01  7.6792139e+02  3.0180240e+02
 -9.1964173e-01  7.1897156e+01  6.6273169e+02  2.1226566e+02 -2.3434588e-01
  6.4925690e+01  6.0701831e+02  2.6844836e+02 -8.0143392e-01  8.0929306e+01
  7.9128174e+02  3.0252850e+02 -7.9730457e-01  8.4971832e+01  8.2758582e+02
  3.3548721e+02 -9.9643505e-01  9.0528809e+01  8.1014600e+02  3.1961353e+02
  4.2001553e-02  5.9264320e+01  6.2123602e+02  2.0413980e+02 -6.9032013e-01
  4.2989475e+01  5.9050610e+02  1.9165643e+02 -1.0373018e+00  3.3724575e+01
  1.8025284e+02  6.2993820e+01 -7.2564048e-01  9.1357178e+01  7.9034747e+02
  3.1171652e+02 -4.2586705e-01  9.3975769e+01  7.8932080e+02  3.0009918e+02
 -8.0609226e-01  9.5755066e+01  6.5933459e+02  2.4798854e+02 -4.3747872e-01
  6.9060616e+01  6.8145703e+02  2.0517172e+02 -7.4147552e-01  7.4218193e+01
  7.3079236e+02  2.8611411e+02 -6.2295264e-01  8.4594666e+01  5.5330310e+02
  1.1989050e+02 -6.8653685e-01  8.4273468e+01  7.9243420e+02  2.7115936e+02
 -8.5872030e-01  9.7324875e+01  5.1426581e+02  1.2993489e+02  0.0000000e+00
  1.3049944e+02  8.3861279e+02  3.2245462e+02  0.0000000e+00  1.2966087e+02
  8.0039099e+02  2.5974182e+02  0.0000000e+00  1.0117819e+02  5.4667316e+02
  1.9389334e+02  0.0000000e+00  8.7784088e+01  6.8716333e+02  2.7200562e+02
  0.0000000e+00  1.1771510e+02  7.5654675e+02  2.5939282e+02 -7.1527749e-01
  4.4782509e+01  5.7004053e+02  1.9733194e+02 -8.1575733e-01  9.5850403e+01
  7.7467126e+02  2.3674733e+02 -7.6477796e-01  6.9926170e+01  6.5919635e+02
  1.9004404e+02 -7.3708445e-01  8.6546265e+01  6.3896417e+02  1.1997073e+02
 -6.1197335e-01  7.4081833e+01  6.7405518e+02  1.0224072e+02 -6.5607780e-01
  7.1480515e+01  7.5977344e+02  2.5268271e+02 -9.9770170e-01  1.0267711e+02
  8.0305811e+02  2.6825885e+02 -7.7329969e-01  1.0520261e+02  8.0845856e+02
  2.2207828e+02 -8.5549575e-01  8.7182907e+01  3.4811310e+02  6.5045364e+01
  0.0000000e+00  1.0754167e+02  7.0699725e+02  2.4320793e+02  0.0000000e+00
  7.5613693e+01  4.2260364e+02  1.3591193e+02  0.0000000e+00  1.2040092e+02
  7.8748859e+02  2.5564658e+02  0.0000000e+00  1.2245345e+02  7.0160669e+02
  1.8413358e+02  0.0000000e+00  8.3984612e+01  4.3473862e+02  1.0557617e+02
  0.0000000e+00  1.1364784e+02  7.4993286e+02  2.5290887e+02  0.0000000e+00
  1.3661900e+02  8.3436823e+02  2.7739276e+02  0.0000000e+00  8.4306999e+01
  4.5895972e+02  1.3447906e+02  0.0000000e+00  8.7665932e+01  6.2209900e+02
  1.9818893e+02  0.0000000e+00  1.3078333e+02  8.1030591e+02  2.8124854e+02
  0.0000000e+00  1.2851041e+02  7.6872998e+02  2.5796469e+02  0.0000000e+00
                                   srf_lw_up(W/m2)
  4.4758768e+02  4.4844498e+02  4.4933453e+02  4.4993115e+02  4.4831064e+02
  4.4830945e+02  4.4933228e+02  4.4851862e+02  4.4538892e+02  4.4568463e+02
  4.4858047e+02  4.5011554e+02  4.4694214e+02  4.5544550e+02  4.5683585e+02
  4.5931653e+02  4.5658923e+02  4.5559082e+02  4.5098480e+02  4.4942273e+02
  4.4753400e+02  4.4830899e+02  4.5123694e+02  4.5533984e+02  4.5255731e+02
  4.5775253e+02  4.6002020e+02  4.6164539e+02  4.5840588e+02  4.5663678e+02
  4.5780527e+02  4.6113092e+02  4.6037970e+02  4.5673373e+02  4.5634311e+02
  4.6066260e+02  4.6127283e+02  4.5675217e+02  4.5562152e+02  4.6174438e+02
  4.6084686e+02  4.5809418e+02  4.5739752e+02  4.6177960e+02  4.6048535e+02
  4.5661948e+02  4.5584351e+02  4.6562390e+02  4.6532861e+02  4.6123541e+02
  4.6134705e+02  4.6341617e+02  4.6177295e+02  4.5801923e+02  4.5762848e+02
  4.6527286e+02  4.6470837e+02  4.5986975e+02  4.5952399e+02  4.6577914e+02
  4.6577368e+02  4.6122580e+02  4.6061511e+02  4.6640393e+02  4.6481729e+02
  4.6075284e+02  4.6005920e+02  4.6399377e+02  4.6136902e+02  4.5827432e+02
  4.5684515e+02  4.6616742e+02  4.6735327e+02  4.6426468e+02  4.6443958e+02
  4.6184595e+02  4.6202167e+02  4.6052997e+02  4.6127313e+02  4.6512347e+02
  4.6213531e+02  4.5682425e+02  4.5743268e+02  4.6762823e+02  4.6813019e+02
  4.6567187e+02  4.6508667e+02  4.7102057e+02  4.6953772e+02  4.6553253e+02
  4.6654352e+02  4.7007126e+02  4.6779297e+02  4.6460992e+02  4.6518701e+02
  4.6982971e+02  4.6800189e+02  4.6507642e+02  4.6515570e+02  4.6910510e+02
  4.6791876e+02  4.6574701e+02  4.6586053e+02  4.6873129e+02  4.6476044e+02
  4.6225931e+02  4.5891821e+02  4.5953680e+02  4.5657629e+02  4.5287296e+02
  4.5327997e+02  4.5050452e+02  4.4717358e+02  4.4418710e+02  4.4482458e+02
  4.5137579e+02  4.5086484e+02  4.4818146e+02  4.4865701e+02  4.5341882e+02
  4.5200690e+02  4.4944604e+02  4.5007666e+02  4.5699353e+02  4.5499487e+02
  4.4921832e+02  4.4989618e+02  4.6389325e+02  4.6733282e+02  4.6592505e+02
  4.6576642e+02  4.6993579e+02  4.6661920e+02  4.6390576e+02  4.6338803e+02
  4.6969153e+02  4.6758524e+02  4.6545663e+02  4.6510699e+02  4.6891608e+02
  4.6813550e+02  4.6645795e+02  4.6574814e+02  4.7069556e+02  4.6686932e+02
  4.6631604e+02  4.6603668e+02  4.7060519e+02  4.6682819e+02  4.6617319e+02
  4.6604987e+02  4.7003802e+02  4.7006622e+02  4.6649951e+02  4.6627441e+02
  4.6819653e+02  4.6672693e+02  4.6261438e+02  4.6149170e+02  4.6530194e+02
  4.6347003e+02  4.5657507e+02  4.4618408e+02  4.5722305e+02  4.6450568e+02
  4.5825116e+02  4.5545801e+02  4.5946997e+02  4.6314340e+02  4.5734070e+02
  4.5656616e+02  4.5993893e+02  4.6288309e+02  4.5834329e+02  4.5716718e+02
  4.5631934e+02  4.5779025e+02  4.5027319e+02  4.5048587e+02  4.5948627e+02
  4.6494635e+02  4.5721548e+02  4.5571375e+02  4.5928973e+02  4.6235535e+02
  4.5769257e+02  4.5532153e+02  4.5465704e+02  4.5643158e+02  4.5234119e+02
  4.5013501e+02  4.5055380e+02  4.5201489e+02  4.4634219e+02  4.4564673e+02
  4.6091711e+02  4.6744525e+02  4.6524936e+02  4.6396698e+02  4.6453900e+02
  4.6620416e+02  4.6262973e+02  4.6183063e+02  4.5940186e+02  4.6214478e+02
  4.5684113e+02  4.5520557e+02  4.6246039e+02  4.6659656e+02  4.6316464e+02
                                   srf_lw_dn(W/m2)
  4.2405573e+02  4.2651050e+02  4.2410416e+02  4.2623157e+02  4.2531543e+02
  4.1849460e+02  4.1876126e+02  4.2800391e+02  4.2985083e+02  4.2503851e+02
  4.2286508e+02  4.2946875e+02  4.3066510e+02  4.3291016e+02  4.2638177e+02
  4.2776263e+02  4.3662201e+02  4.3201373e+02  4.2286011e+02  4.2643143e+02
  4.2878949e+02  4.2385413e+02  4.2352963e+02  4.2539514e+02  4.1733881e+02
  4.1213525e+02  4.2054944e+02  4.3428943e+02  4.2912491e+02  4.3357410e+02
  4.2072272e+02  4.2434280e+02  4.2591605e+02  4.0547150e+02  3.9906903e+02
  4.1306976e+02  4.1297302e+02  4.1001569e+02  4.0974683e+02  4.2630673e+02
  4.3734302e+02  4.2950665e+02  4.1775317e+02  4.2282635e+02  4.1412274e+02
  4.1271960e+02  4.1258258e+02  4.3105042e+02  4.2201965e+02  4.2691113e+02
  4.2387817e+02  4.3218347e+02  4.1877173e+02  4.1082782e+02  4.1098004e+02
  4.1951669e+02  4.1233417e+02  4.1516080e+02  4.1464911e+02  4.1468597e+02
  4.1799487e+02  4.1433887e+02  4.1230695e+02  4.2174396e+02  4.2567639e+02
  4.2737537e+02  4.2332104e+02  4.3209106e+02  4.2844611e+02  4.3037756e+02
  4.3515735e+02  4.2922083e+02  4.2491287e+02  4.2983057e+02  4.2695776e+02
  4.3056067e+02  4.2305804e+02  4.2598840e+02  4.1986627e+02  4.2461823e+02
  4.2129004e+02  4.2008820e+02  4.1442224e+02  4.1891525e+02  4.1448706e+02
  4.1578381e+02  4.1354013e+02  4.2714661e+02  4.3246826e+02  4.2544217e+02
  4.1960583e+02  4.2499237e+02  4.2211771e+02  4.2197052e+02  4.2023755e+02
  4.2876727e+02  4.1860187e+02  4.2046707e+02  4.2308441e+02  4.3050058e+02
  4.3099783e+02  4.3258102e+02  4.2716803e+02  4.2656342e+02  4.2069986e+02
  4.1543317e+02  4.2271948e+02  4.3242255e+02  4.2667151e+02  4.2284720e+02
  4.0734052e+02  4.1030692e+02  4.1204407e+02  4.0892584e+02  4.1435120e+02
  4.1328629e+02  4.2418802e+02  4.2609946e+02  4.2126297e+02  4.3208771e+02
  4.2565472e+02  4.2475510e+02  4.2422656e+02  4.2252060e+02  4.1351425e+02
  4.1078558e+02  4.1322235e+02  4.1962424e+02  4.2338196e+02  4.2962012e+02
  4.3705353e+02  4.3289581e+02  4.2444940e+02  4.2485394e+02  4.2077527e+02
  4.2864520e+02  4.2250653e+02  4.1822852e+02  4.3067352e+02  4.2716129e+02
  4.2192056e+02  4.2348950e+02  4.2825641e+02  4.3209378e+02  4.2770798e+02
  4.2574088e+02  4.2192398e+02  4.3692413e+02  4.3683167e+02  4.3059393e+02
  4.2243652e+02  4.2753107e+02  4.2444263e+02  4.1939407e+02  4.1464868e+02
  4.2449826e+02  4.2126672e+02  4.1917505e+02  4.1351874e+02  4.2073932e+02
  4.1165598e+02  4.1682849e+02  4.2463651e+02  4.4129330e+02  4.5102557e+02
  4.4178790e+02  4.2008813e+02  4.2244800e+02  4.2505377e+02  4.2392493e+02
  4.3046265e+02  4.3684918e+02  4.3827405e+02  4.3005060e+02  4.1897540e+02
  4.1251453e+02  4.1591650e+02  4.1075098e+02  4.1232974e+02  4.2209772e+02
  4.3097559e+02  4.2899622e+02  4.2540286e+02  4.3294821e+02  4.4434698e+02
  4.3772699e+02  4.1722247e+02  4.1589221e+02  4.1767773e+02  4.1215558e+02
  4.0390869e+02  4.0885736e+02  4.1938098e+02  4.2475555e+02  4.2939447e+02
  4.2515558e+02  4.3671881e+02  4.3575021e+02  4.2652112e+02  4.2374268e+02
  4.2410214e+02  4.1788620e+02  4.1466913e+02  4.1437704e+02  4.1861450e+02
  4.1780469e+02  4.1489441e+02  4.1692413e+02  4.1531854e+02  4.1306122e+02
                                         toa_sw_up
  1.5595230e+02  0.0000000e+00  9.9905106e+01  4.5299249e+02  2.1581310e+02
  0.0000000e+00  1.0496295e+02  5.4633154e+02  2.3527139e+02  0.0000000e+00
  8.1539421e+01  4.2320184e+02  2.1874644e+02  0.0000000e+00  7.7537209e+01
  3.8539059e+02  1.7741580e+02  0.0000000e+00  6.8220520e+01  3.1389993e+02
  1.5981699e+02  0.0000000e+00  6.8243538e+01  3.1912567e+02  1.1104441e+02
  0.0000000e+00  6.3381584e+01  3.2131448e+02  1.5431520e+02  0.0000000e+00
  5.0261173e+01  2.4551118e+02  9.2045532e+01  0.0000000e+00  5.7693695e+01
  2.7642239e+02  1.0906274e+02  0.0000000e+00  4.2420471e+01  2.8004468e+02
  1.6348448e+02  0.0000000e+00  4.3950298e+01  2.2334906e+02  9.2414742e+01
  0.0000000e+00  5.8430489e+01  2.8668066e+02  1.1711684e+02  0.0000000e+00
  7.4918625e+01  3.3571506e+02  1.0815051e+02  0.0000000e+00  3.6359848e+01
  2.0952338e+02  6.4848404e+01  0.0000000e+00  3.5375809e+01  1.8821512e+02
  5.5193775e+01  0.0000000e+00  3.1430149e+01  2.0354460e+02  8.9569061e+01
  0.0000000e+00  8.3591263e+01  4.3786316e+02  1.9331923e+02  0.0000000e+00
  8.4942055e+01  4.2524353e+02  1.9172548e+02  0.0000000e+00  1.0384467e+02
  6.0681439e+02  2.8600110e+02  0.0000000e+00  4.9441025e+01  2.3862340e+02
  7.1394051e+01  0.0000000e+00  4.0299511e+01  2.3796263e+02  1.0371040e+02
  0.0000000e+00  5.6480011e+01  3.2525797e+02  1.5742227e+02  0.0000000e+00
  6.6486267e+01  3.1845972e+02  1.2541703e+02  0.0000000e+00  6.2912697e+01
  2.6730688e+02  8.6504982e+01  0.0000000e+00  6.0790783e+01  3.5955200e+02
  1.8289272e+02  0.0000000e+00  5.9962955e+01  2.5214830e+02  7.8432083e+01
  0.0000000e+00  6.3085835e+01  4.4612543e+02  2.3414706e+02  0.0000000e+00
  3.4459599e+01  1.9427815e+02  5.0354904e+01  0.0000000e+00  3.5057770e+01
  2.2786450e+02  1.0923601e+02  0.0000000e+00  6.1532402e+01  4.2622778e+02
  1.7417445e+02  0.0000000e+00  7.4884064e+01  3.1609656e+02  9.9382088e+01
  0.0000000e+00  4.7941792e+01  2.5814148e+02  1.1003018e+02  0.0000000e+00
  8.7523735e+01  3.8627164e+02  1.4641325e+02  0.0000000e+00  4.2558315e+01
  2.0957027e+02  8.3370377e+01  0.0000000e+00  5.5176586e+01  2.8056616e+02
  1.4206259e+02  0.0000000e+00  7.2728401e+01  4.3299457e+02  1.9426424e+02
  0.0000000e+00  6.6763710e+01  3.9911823e+02  2.2145892e+02  0.0000000e+00
  6.3506218e+01  2.6345630e+02  1.2331646e+02  0.0000000e+00  4.5141331e+01
  1.6792773e+02  7.8091805e+01  0.0000000e+00  4.0392445e+01  1.8831892e+02
  9.3512878e+01  0.0000000e+00  7.4555069e+01  5.6029687e+02  2.8100378e+02
  0.0000000e+00  6.0071259e+01  2.4894585e+02  1.1329778e+02  0.0000000e+00
  8.7735435e+01  4.9893695e+02  2.1787366e+02  0.0000000e+00  4.7348503e+01
  1.6824722e+02  1.0019073e+02  0.0000000e+00  4.5814217e+01  2.5898138e+02
  1.9132507e+02  0.0000000e+00  8.2971344e+01  4.6943704e+02  2.4021121e+02
  0.0000000e+00  5.6080181e+01  1.8697722e+02  1.0049825e+02  0.0000000e+00
  3.3915993e+01  1.0986090e+02  7.3830521e+01  0.0000000e+00  8.2149574e+01
  4.4498798e+02  2.1116594e+02  0.0000000e+00  8.0799210e+01  2.9224384e+02
  1.5039879e+02  0.0000000e+00  4.1516403e+01  1.1310126e+02  6.5806778e+01
  0.0000000e+00  4.3074524e+01  1.4841132e+02  8.8941185e+01  0.0000000e+00
                                         toa_Sw_dn
  4.6047876e+02  0.0000000e+00  1.8565569e+02  1.0616132e+03  4.6068533e+02
  0.0000000e+00  1.8560344e+02  1.0624269e+03  4.6086307e+02  0.0000000e+00
  1.8556709e+02  1.0632603e+03  4.6101031e+02  0.0000000e+00  1.8554643e+02
  1.0641152e+03  4.6112756e+02  0.0000000e+00  1.8554207e+02  1.0649862e+03
  4.6121198e+02  0.0000000e+00  1.8557297e+02  1.0658756e+03  4.6126474e+02
  0.0000000e+00  1.8561954e+02  1.0667803e+03  4.6128363e+02  0.0000000e+00
  1.8568076e+02  1.0676996e+03  4.6126886e+02  0.0000000e+00  1.8575676e+02
  1.0686309e+03  4.6121884e+02  0.0000000e+00  1.8584711e+02  1.0695725e+03
  4.6113287e+02  0.0000000e+00  1.8595172e+02  1.0705250e+03  4.6101117e+02
  0.0000000e+00  1.8607080e+02  1.0714866e+03  4.6085291e+02  0.0000000e+00
  1.8620407e+02  1.0724529e+03  4.6065604e+02  0.0000000e+00  1.8635072e+02
  1.0734260e+03  4.6042212e+02  0.0000000e+00  1.8651129e+02  1.0744036e+03
  4.6014978e+02  0.0000000e+00  1.8668539e+02  1.0753821e+03  4.5983755e+02
  0.0000000e+00  1.8687222e+02  1.0763621e+03  4.5948645e+02  0.0000000e+00
  1.8707213e+02  1.0773413e+03  4.5909540e+02  0.0000000e+00  1.8728445e+02
  1.0783162e+03  4.5866306e+02  0.0000000e+00  1.8750856e+02  1.0792878e+03
  4.5820694e+02  0.0000000e+00  1.8774480e+02  1.0802544e+03  4.5775250e+02
  0.0000000e+00  1.8799252e+02  1.0812144e+03  4.5725888e+02  0.0000000e+00
  1.8825131e+02  1.0821631e+03  4.5672479e+02  0.0000000e+00  1.8852042e+02
  1.0831034e+03  4.5615198e+02  0.0000000e+00  1.8880017e+02  1.0840310e+03
  4.5553873e+02  0.0000000e+00  1.8908948e+02  1.0849448e+03  4.5488577e+02
  0.0000000e+00  1.8938817e+02  1.0858440e+03  4.5419290e+02  0.0000000e+00
  1.8969580e+02  1.0867253e+03  4.5345935e+02  0.0000000e+00  1.9001163e+02
  1.0875869e+03  4.5268539e+02  0.0000000e+00  1.9033511e+02  1.0884313e+03
  4.5187268e+02  0.0000000e+00  1.9066644e+02  1.0892518e+03  4.5101880e+02
  0.0000000e+00  1.9100404e+02  1.0900500e+03  4.5012555e+02  0.0000000e+00
  1.9134814e+02  1.0908232e+03  4.4919260e+02  0.0000000e+00  1.9169781e+02
  1.0915712e+03  4.4822079e+02  0.0000000e+00  1.9205286e+02  1.0922900e+03
  4.4720914e+02  0.0000000e+00  1.9241200e+02  1.0929807e+03  4.4615921e+02
  0.0000000e+00  1.9277533e+02  1.0936411e+03  4.4507092e+02  0.0000000e+00
  1.9314200e+02  1.0942681e+03  4.4394394e+02  0.0000000e+00  1.9351106e+02
  1.0948633e+03  4.4278018e+02  0.0000000e+00  1.9388246e+02  1.0954219e+03
  4.4157861e+02  0.0000000e+00  1.9425502e+02  1.0959452e+03  4.4034094e+02
  0.0000000e+00  1.9462845e+02  1.0964314e+03  4.3914362e+02  0.0000000e+00
  1.9500206e+02  1.0968787e+03  4.3792432e+02  0.0000000e+00  1.9537498e+02
  1.0972859e+03  4.3667163e+02  0.0000000e+00  1.9574677e+02  1.0976536e+03
  4.3538663e+02  0.0000000e+00  1.9612311e+02  1.0979766e+03  4.3406808e+02
  0.0000000e+00  1.9650769e+02  1.0982571e+03  4.3271854e+02  0.0000000e+00
  1.9688972e+02  1.0984946e+03  4.3133887e+02  0.0000000e+00  1.9726839e+02
  1.0986852e+03  4.2992834e+02  0.0000000e+00  1.9764241e+02  1.0988289e+03
  4.2848865e+02  0.0000000e+00  1.9801128e+02  1.0989265e+03  4.2702158e+02
  0.0000000e+00  1.9837480e+02  1.0989751e+03  4.2552652e+02  0.0000000e+00
                                         toa_lw_up
  2.1284225e+02  2.0965466e+02  1.7579251e+02  1.6848709e+02  1.6153375e+02
  1.3771100e+02  1.4054947e+02  1.5676709e+02  1.7605307e+02  1.8234000e+02
  1.7153287e+02  1.7994803e+02  1.8173853e+02  1.8290024e+02  1.7333521e+02
  1.8721468e+02  2.0226105e+02  1.9342923e+02  1.9106781e+02  2.1859276e+02
  2.1306773e+02  2.1990247e+02  2.2441089e+02  2.1772433e+02  2.3404240e+02
  2.4771869e+02  2.3398820e+02  2.2471140e+02  2.1393216e+02  2.0738678e+02
  2.0502377e+02  2.5814362e+02  2.6644354e+02  2.5389502e+02  2.2155746e+02
  2.1082703e+02  2.3071500e+02  2.5329527e+02  2.6466125e+02  2.4758652e+02
  2.1315665e+02  2.2737064e+02  2.5402280e+02  2.5275195e+02  2.4298344e+02
  2.2495410e+02  2.2398227e+02  2.2003505e+02  2.2985464e+02  2.1375275e+02
  1.8344823e+02  2.1512459e+02  2.5730652e+02  2.7520557e+02  2.7398105e+02
  2.6958273e+02  2.6604617e+02  2.6805804e+02  2.6705637e+02  2.7803455e+02
  2.8242371e+02  2.8138232e+02  2.8131613e+02  2.7656546e+02  2.5177422e+02
  2.2137903e+02  1.7444173e+02  1.7259477e+02  1.8252312e+02  1.8309689e+02
  1.7703705e+02  1.7399765e+02  1.7903683e+02  1.8149251e+02  1.6853651e+02
  1.4582906e+02  1.6080528e+02  1.9828387e+02  2.2648250e+02  2.5316158e+02
  2.6563464e+02  2.6647025e+02  2.6496558e+02  2.5304701e+02  2.3351996e+02
  2.2062430e+02  2.1301495e+02  2.1687804e+02  2.1260782e+02  1.9143732e+02
  1.9057843e+02  2.0810666e+02  2.1869412e+02  2.2337050e+02  2.2250177e+02
  2.2921689e+02  2.4899008e+02  2.5342894e+02  2.2178391e+02  2.0568353e+02
  1.9261243e+02  2.1919232e+02  2.3068851e+02  2.5297771e+02  2.6707397e+02
  2.5792865e+02  2.3240683e+02  2.0230049e+02  1.7548372e+02  2.2186198e+02
  2.7301297e+02  2.7773853e+02  2.7985251e+02  2.7902325e+02  2.7861600e+02
  2.7474460e+02  2.4445183e+02  2.4358020e+02  2.4218317e+02  2.1089841e+02
  2.0134917e+02  2.1837102e+02  2.2003108e+02  2.2206921e+02  2.5254120e+02
  2.6555536e+02  2.5554437e+02  2.4500642e+02  2.2772806e+02  1.9964206e+02
  1.6774921e+02  1.7936969e+02  2.1061176e+02  2.4394043e+02  2.6499344e+02
  2.6425388e+02  2.6447116e+02  2.6612170e+02  2.4746793e+02  2.2694897e+02
  2.0791058e+02  2.1764955e+02  2.1997742e+02  1.8917754e+02  1.9357980e+02
  2.1106415e+02  2.2880843e+02  2.0333345e+02  1.7644333e+02  2.0192499e+02
  2.1562747e+02  2.2274870e+02  2.1653380e+02  2.2216437e+02  2.4490314e+02
  2.7026675e+02  2.6531155e+02  2.6916815e+02  2.7571216e+02  2.6063397e+02
  2.4846445e+02  2.2678000e+02  2.1162447e+02  1.6172313e+02  1.4836093e+02
  1.8244310e+02  2.1424704e+02  2.3206644e+02  2.3617076e+02  2.3260355e+02
  1.9490092e+02  1.6368962e+02  1.7930276e+02  2.0702765e+02  2.4509157e+02
  2.5355701e+02  2.4297711e+02  2.5209338e+02  2.5998013e+02  2.2327299e+02
  1.6181958e+02  1.6948097e+02  1.8111481e+02  1.5841187e+02  1.5230902e+02
  1.7452942e+02  2.2362892e+02  2.4136823e+02  2.4551089e+02  2.6229474e+02
  2.7518533e+02  2.7508514e+02  2.5904111e+02  2.3624881e+02  1.9008665e+02
  1.6483507e+02  1.7084135e+02  1.9058810e+02  2.0171951e+02  1.9421455e+02
  2.0697885e+02  2.4654993e+02  2.6867856e+02  2.6316248e+02  2.6180286e+02
  2.5990625e+02  2.5496846e+02  2.5717041e+02  2.4837924e+02  2.5127097e+02
                                          cloud(%)
  7.5310837e+01  8.3978180e+01  8.6706352e+01  9.9603180e+01  1.0000000e+02
  1.0000000e+02  1.0000000e+02  9.9603180e+01  1.0000000e+02  9.8719582e+01
  9.9360924e+01  9.8636749e+01  9.9296654e+01  9.9468086e+01  9.8996391e+01
  9.1523552e+01  9.3042969e+01  9.9305557e+01  9.3386398e+01  8.3471550e+01
  9.0667770e+01  7.9073410e+01  7.6932800e+01  8.0887810e+01  6.1184978e+01
  4.8834969e+01  6.8202522e+01  8.3128067e+01  9.3176102e+01  9.1948441e+01
  8.2846657e+01  5.7230961e+01  4.7061668e+01  4.7562035e+01  6.8812004e+01
  8.4221184e+01  7.5133362e+01  4.5128056e+01  3.3035713e+01  5.4147076e+01
  9.3026917e+01  8.2275131e+01  4.6593922e+01  4.1242470e+01  6.4576515e+01
  8.7572014e+01  7.6203194e+01  8.1977516e+01  8.8023880e+01  9.6988388e+01
  9.6296295e+01  8.4889519e+01  5.6206139e+01  8.1475391e+00  1.4682540e+01
  1.8838627e+01  2.4419401e+01  2.3218845e+01  2.0337301e+01  6.5595241e+00
  9.1192703e+00  8.9226418e+00  3.8029101e+00  1.0374149e+01  5.2156853e+01
  8.8307640e+01  9.9537041e+01  9.8974869e+01  9.9795082e+01  9.9100639e+01
  9.5833336e+01  9.8134529e+01  9.9754906e+01  9.9801590e+01  9.9801590e+01
  1.0000000e+02  1.0000000e+02  9.8933067e+01  8.4457680e+01  5.1521164e+01
  3.7927998e+01  2.2641710e+01  2.4735451e+01  4.0990032e+01  7.6943863e+01
  9.3330612e+01  8.7103180e+01  7.9332008e+01  8.7619049e+01  9.8214287e+01
  9.9173286e+01  8.5166100e+01  8.2225632e+01  8.5390213e+01  8.2076714e+01
  6.3009262e+01  4.4382198e+01  4.1683201e+01  7.3677246e+01  8.6474869e+01
  9.6239983e+01  7.8240738e+01  6.9212959e+01  4.1174377e+01  4.6525188e+01
  6.2537540e+01  8.6474869e+01  9.8611107e+01  1.0000000e+02  9.3816139e+01
  3.9417992e+01  1.0187729e+01  2.7968559e+00  2.5462964e+00  6.1507940e+00
  1.7248287e+01  5.3447872e+01  7.0589951e+01  6.7824074e+01  8.6912224e+01
  9.2872993e+01  8.6293961e+01  7.9166664e+01  8.3531746e+01  5.1018822e+01
  2.1674852e+01  2.9993385e+01  4.6329365e+01  8.3488098e+01  9.4907410e+01
  9.1631317e+01  9.7021530e+01  9.4120621e+01  6.9583580e+01  4.5833336e+01
  2.9835138e+01  4.2635284e+01  2.8808746e+01  6.4219582e+01  7.9728836e+01
  9.7982803e+01  9.6626984e+01  9.5070473e+01  9.2291573e+01  9.6162903e+01
  9.8544983e+01  9.1284668e+01  9.6048119e+01  9.8916435e+01  9.6552109e+01
  8.2465134e+01  7.9409195e+01  9.4088211e+01  9.2522087e+01  6.6699738e+01
  2.1081427e+01  4.2543568e+01  2.8244558e+01  1.5300333e+01  3.8250072e+01
  5.7617939e+01  8.1898148e+01  9.5046303e+01  9.8750000e+01  1.0000000e+02
  1.0000000e+02  9.5260468e+01  6.9183243e+01  7.6967712e+01  7.2212051e+01
  9.1071426e+01  9.9074081e+01  9.7606384e+01  7.7598167e+01  4.9370090e+01
  4.6264404e+01  6.5860603e+01  4.8676544e+01  5.4083992e+01  8.1877953e+01
  9.9537041e+01  9.9537041e+01  1.0000000e+02  9.9468086e+01  1.0000000e+02
  9.7340431e+01  7.9694107e+01  5.3636086e+01  6.0012863e+01  3.9281906e+01
  7.7469983e+00  7.8875408e+00  4.1111900e+01  6.5400925e+01  8.9120369e+01
  9.5634926e+01  1.0000000e+02  9.4501480e+01  8.6633209e+01  9.4569092e+01
  9.2631775e+01  5.4604416e+01  3.3489231e+01  2.7127787e+01  3.4444595e+01
  3.3991703e+01  2.9894178e+01  3.8163479e+01  5.1811073e+01  4.9214703e+01
                        d(Column_H2O)/dt_(mm/hour)
 -1.5205751e-01  1.0355613e-01  1.7695092e-01  1.5023783e-01  2.1711104e-01
 -4.1819394e-02  2.2208366e-01  3.2063678e-01  6.5386064e-02 -7.1713373e-02
 -2.1185325e-01 -2.0877995e-01  3.0544394e-01  3.1181782e-01 -2.6482058e-01
 -3.2473216e-03  1.2434251e-01 -2.1373954e-01 -3.4984994e-01 -2.0651877e-01
 -1.0967092e-01 -3.4926945e-01 -4.0093964e-01  7.7310339e-02  2.6861915e-01
  8.1396416e-02  9.2650712e-02  1.4601365e-01  4.2162195e-01  1.5397127e-01
 -3.8368252e-01 -4.5455265e-01 -5.3879303e-01 -5.0733459e-01 -1.8185839e-01
  1.9531268e-01  2.7248430e-01  2.4176851e-01  4.5104358e-01  5.6394267e-01
  3.0840579e-01 -5.0362146e-01 -1.2050440e+00 -6.2181169e-01 -2.6449340e-03
  8.2469685e-04  5.5957370e-02  4.6470192e-01  5.8537340e-01  2.3636594e-01
 -1.2947001e-01 -9.9566616e-02  6.0522906e-02 -8.3655734e-03 -1.7868663e-01
 -3.1129235e-01 -8.9396589e-02 -1.9799221e-02 -2.6222208e-01 -2.1325313e-02
  2.5402412e-01  1.2187776e-01  3.7460876e-01  4.6801844e-01  2.5607541e-01
  4.7423601e-02 -1.0488144e-01  1.0460756e-01  2.4121986e-01  1.6856627e-01
 -1.7196819e-01 -2.7694734e-02  2.3628056e-01  2.7594271e-01 -1.4852962e-01
 -6.4543694e-01 -8.1175074e-02  1.3995285e-01 -1.6768900e-01 -3.7550050e-01
 -8.9812644e-02 -9.5041767e-02 -5.1373023e-01 -3.4013057e-01 -6.0870048e-02
  1.3673349e-01  4.8467773e-01  5.4588354e-01  5.4141319e-01  5.4901909e-02
 -4.3565091e-01 -1.6640495e-01  1.4568214e-01  5.7487808e-02 -3.7357803e-02
  1.2646154e-01  9.6681342e-02  1.3125984e-01  2.2521344e-01  1.1667933e-01
  2.2569548e-01 -1.8681797e-01 -7.2656929e-01 -2.2939417e-01  2.9469383e-01
  2.9102698e-01  1.7584784e-01 -9.0220287e-02 -3.8568601e-01 -4.1827649e-01
 -3.3326155e-01 -2.5187007e-01 -3.9271134e-01 -1.9188468e-01  5.3639430e-01
  4.8559847e-01  1.3259558e-01 -4.9709555e-02 -8.9530498e-02  2.2330257e-01
  2.4414694e-01  9.5091559e-02  1.7409042e-02 -4.2549726e-02  2.0506966e-03
 -1.3412991e-01 -4.5125782e-01 -4.4586390e-02  4.6466577e-01  2.8473705e-01
 -1.3884817e-01 -1.1844529e-01  2.2751226e-01  8.9153826e-02 -2.8592843e-01
 -2.2920890e-01  4.6687048e-02  2.1023192e-01  8.8911347e-02  5.3317621e-02
  1.8703946e-01  1.7212163e-01  2.4426857e-01  1.0233940e-01  8.9583479e-02
 -2.0419242e-02 -1.9292118e-01  3.0559158e-02  9.0303093e-02  7.5786419e-02
  9.5718969e-03 -2.8967202e-02 -5.9654903e-02 -2.3362562e-01 -2.1224555e-01
 -1.5809701e-01 -1.8426435e-01 -3.0318275e-01 -5.6139922e-01 -3.0689010e-01
  4.9378914e-01  8.1690425e-01  6.1451703e-01  1.6236606e-01 -1.7031209e-01
 -2.2447515e-01 -5.1073796e-01 -1.7620249e-01  4.5063531e-01  2.5478417e-01
 -6.1692595e-02 -8.7318376e-02 -2.1484260e-02  7.0376918e-02 -1.0592707e-03
  1.9231172e-02  2.2109638e-01 -6.7844145e-02 -1.9237542e-01  1.4715873e-01
  2.9463449e-01 -2.3194635e-02 -1.9196430e-01 -5.8716414e-03  2.8909151e-02
 -1.1818660e-01 -6.2380797e-01 -4.8634395e-01  2.3992135e-01  1.8348406e-01
 -3.2976988e-01 -4.0129580e-02  5.7284707e-01  6.1238760e-01  2.3200572e-01
 -4.7975145e-02  1.5182009e-01  4.5217127e-02 -3.9077291e-01 -3.6816967e-01
 -5.1805577e-03 -1.8339434e-01 -6.3442487e-01 -6.6214405e-02  4.0535492e-01
  2.4528338e-01 -2.6875809e-01 -5.2987999e-01 -1.4833565e-01 -2.6206138e-02
                    Column_H2O_Advection_(mm/hour)
 -1.8931513e-01 -8.3572783e-02  7.3220646e-01  6.4625055e-02  6.7432296e-01
  9.5739377e-01  3.9240590e-01  8.8455051e-01 -9.7018063e-02 -1.0313676e-01
 -1.2104481e-01 -5.9206430e-02  4.4411960e-01  6.4015889e-01 -1.4155307e-01
 -1.6352126e-02  8.1748044e-01  3.0760667e-01 -2.9452881e-01 -3.1468123e-01
  9.7773445e-01  3.4545931e-01  7.9494083e-01  5.6162798e-01  2.0588470e-01
  1.8437004e-02  9.8546036e-02  7.6575086e-02  4.3196526e-01  4.7194731e-01
 -4.0026221e-01 -4.7553891e-01 -4.9377900e-01 -6.0763067e-01 -2.8862971e-01
  7.3960960e-02  1.4370917e-01  1.3806167e-01  3.4367147e-01  5.7206678e-01
  5.7317567e-01 -1.8206394e-01 -1.1308950e+00 -7.1133155e-01 -9.0213634e-02
 -1.0623353e-01 -7.4337192e-02  3.6653677e-01  5.3820097e-01  9.0726525e-01
  1.8964520e-01  1.6904688e-01  2.8563313e-02 -1.1567700e-01 -2.3696673e-01
 -3.1609559e-01 -2.0173869e-01 -2.5219144e-02 -3.6923370e-01 -1.3658422e-01
  1.7835368e-01  2.8126564e-02  2.5201339e-01  3.8367811e-01  2.9296970e-01
  2.7078623e-01 -1.0686542e-01  1.8379965e-01  2.3369800e-01  3.4726879e-01
  6.2165534e-01 -1.2515317e-01  3.0281070e-01  6.8919444e-01  1.0138817e+00
  3.3258553e+00  8.6387694e-02  2.7253063e-02 -2.8029862e-01 -5.0540781e-01
 -2.0554595e-01 -1.0177280e-01 -5.5661917e-01 -4.9289885e-01 -1.4917238e-01
  6.0209353e-02  4.0912169e-01  4.6357274e-01  8.3568573e-01  1.2833071e+00
 -4.8969814e-01 -2.3024103e-01  6.0283177e-02  5.1700916e-02 -1.4970365e-01
  1.2367573e-02  3.3446744e-02  8.0385976e-02  3.1613323e-01  3.3765513e-01
  3.3079624e-01  1.4840947e-01 -6.6336155e-01 -2.2210537e-01  2.5989860e-01
  3.1315687e-01  6.7594868e-01  9.7062218e-01 -2.2655682e-01 -4.5457575e-01
 -4.0868881e-01 -3.2787204e-01 -4.9552199e-01 -2.9379487e-01  4.0359315e-01
  4.3120235e-01  1.1746568e-01 -7.5105451e-02  2.7461380e-02  4.0884230e-01
  2.2922045e-01 -2.2421745e-03  6.1159718e-01 -1.2502246e-01 -1.2852325e-01
 -1.9105951e-01 -5.1212478e-01 -1.3990971e-01  4.1464001e-01  4.7178951e-01
  7.8516358e-01 -1.8358253e-01  1.7222442e-01  2.1342972e-01 -3.6422634e-01
 -3.3710936e-01  1.6319556e-02  2.0335568e-01  2.5617531e-01 -3.9055437e-02
  7.2456717e-02  1.6473873e-01  9.6113735e-01  7.8369856e-01  2.2335614e-01
 -5.5797994e-02 -2.6600328e-01  5.2110302e-01  8.6021882e-01  3.4044467e-02
  2.5574535e-01 -1.2507644e-01  1.0246999e-01 -1.2019692e-01 -2.6655334e-01
 -2.0081510e-01 -1.2276358e-01 -3.2164866e-01 -6.7020732e-01 -4.5132729e-01
  3.4797671e-01  8.3348691e-01  8.3850574e-01  2.7300255e+00  1.0034906e+00
  1.0349520e-01 -1.2518878e-01 -2.9520339e-01  4.5512012e-01  3.1688887e-01
 -3.7762705e-02  1.3263786e-01 -1.2002826e-01 -1.0794217e-01 -8.0769449e-02
 -3.6172632e-03  3.1718853e-01 -1.4769289e-01 -2.6871181e-01  3.1608400e-01
  1.2424434e+00  2.8809553e-01 -2.4438004e-01  4.9289304e-01  5.3865987e-01
  4.7926512e-02 -6.4313233e-01 -6.4788198e-01  1.4444675e-01  1.0326300e-01
 -4.9232265e-01 -1.5719368e-01  5.5499774e-01  7.5578970e-01  7.8633755e-01
  2.5463939e-01  2.6801693e-01  1.2150732e-01 -2.0267239e-01 -2.5173256e-01
  2.3198834e-01 -2.3354599e-01 -7.4706054e-01 -1.3548519e-01  3.1603479e-01
  2.2598502e-01 -2.2315779e-01 -6.5389836e-01 -9.6912242e-02  9.6104033e-02
                         Srf_Evaporation_(mm/hour)
  2.7363950e-01  3.1627509e-01  3.3395064e-01  2.5176585e-01  1.7388341e-01
  1.9103347e-01  2.5530818e-01  2.3060150e-01  2.3048139e-01  1.5690272e-01
  1.6343875e-01  1.5919141e-01  1.3479337e-01  1.3612866e-01  1.4405791e-01
  9.8532580e-02  1.3187075e-01  1.6413653e-01  1.1952986e-01  1.2355991e-01
  1.2351678e-01  8.8817388e-02  9.6165702e-02  1.0482687e-01  7.4268870e-02
  6.3401230e-02  9.9139564e-02  1.4534630e-01  7.5699560e-02  4.2303916e-02
  8.3867952e-02  1.1363842e-01  1.1373775e-01  1.1226811e-01  1.0713221e-01
  1.2133505e-01  1.2862444e-01  1.0387418e-01  1.1099202e-01  1.2820868e-01
  1.5550430e-01  9.8898970e-02  8.2963325e-02  9.8181099e-02  9.3490914e-02
  1.1776736e-01  1.3251203e-01  1.3329507e-01  9.9194728e-02  9.4001204e-02
  1.0973056e-01  7.9304159e-02  1.1361426e-01  1.0889296e-01  9.9870481e-02
  8.5969910e-02  1.2305570e-01  9.7276755e-02  2.0040399e-01  1.1539210e-01
  1.0489925e-01  1.1531580e-01  1.3181862e-01  1.1300553e-01  1.5251060e-01
  1.2635514e-01  1.1088318e-01  6.5129548e-02  8.4932968e-02  1.1393332e-01
  9.1227695e-02  1.4547078e-01  9.1442235e-02  3.2897081e-02  1.0015609e-01
  1.2078105e-01  8.0677375e-02  1.1225870e-01  1.2139296e-01  1.3584463e-01
  1.4014482e-01  9.6228823e-02  1.4344092e-01  1.6868785e-01  1.1593076e-01
  9.2435010e-02  9.7731307e-02  1.3091111e-01  1.4463277e-01  1.4675774e-01
  1.4091553e-01  6.4203352e-02  8.8926397e-02  1.4098053e-01  1.2291674e-01
  1.2279990e-01  1.1630831e-01  1.0263500e-01  1.2191744e-01  1.1291160e-01
  1.2200299e-01  1.2792407e-01  8.0194019e-02  1.0830450e-01  1.1207820e-01
  8.8293783e-02  8.5741907e-02  1.0701524e-01  7.7624619e-02  3.6556683e-02
  7.6039746e-02  7.6955669e-02  1.0297549e-01  1.0240166e-01  1.3538240e-01
  1.1499573e-01  1.4546500e-01  1.2686847e-01  1.3807470e-01  1.3893837e-01
  1.5624838e-01  9.9982515e-02  1.2809300e-01  1.4582400e-01  1.5050565e-01
  1.0903629e-01  1.2393280e-01  1.2495051e-01  1.1075824e-01  1.0631835e-01
  1.0821591e-01  8.5823409e-02  7.9933293e-02  9.4516136e-02  1.3838783e-01
  1.1782078e-01  9.2023320e-02  8.0655083e-02  9.7050495e-02  1.0754422e-01
  1.1619408e-01  1.1041747e-01  1.0537436e-01  9.3936354e-02  8.4460467e-02
  1.1677313e-01  1.3687505e-01  1.2951849e-01  1.1892403e-01  1.1656033e-01
  1.0514361e-01  1.2988923e-01  1.2010631e-01  3.9382894e-02  8.5415319e-02
  8.0090508e-02  1.2237605e-01  1.0323173e-01  1.3440599e-01  1.5836336e-01
  1.4755248e-01  1.2073211e-01  9.5962755e-02  1.1865997e-01  9.9716015e-02
  9.1731749e-02  1.1627702e-01  1.2090439e-01  1.3857487e-01  1.3847990e-01
  1.2351286e-01  1.7886902e-01  1.3317187e-01  1.8729858e-01  1.5298687e-01
  1.6051455e-01  1.3311151e-01  1.3349020e-01  1.3335630e-01  1.4074023e-01
  1.2375417e-01  1.6193178e-01  1.5573013e-01  1.7189580e-01  1.2696967e-01
  8.3686270e-02  1.3597333e-01  1.6566232e-01  1.2706041e-01  1.5019585e-01
  1.8298030e-01  1.4000700e-01  1.1770454e-01  1.2317860e-01  1.4502636e-01
  7.8608863e-02  1.1009508e-01  1.1926002e-01  1.3042615e-01  1.3230142e-01
  1.8512425e-01  6.6872783e-02  1.1796206e-01  7.7281676e-02  1.0278658e-01
  5.8014892e-02  1.0403211e-01  1.4337505e-01  1.3102606e-01  1.0356077e-01
             d(Column_Dry_Static_Energy)/dt_(W/m2)
 -1.9883594e+02 -3.6762257e+01  2.1949805e+02  2.6799390e+02 -3.8284485e+01
 -2.2192279e+02 -7.8589920e+01  1.4471017e+02  1.7281848e+02  2.8534627e+00
 -8.6026367e+01  2.0712996e+01  3.3838688e+01 -9.0711121e+01 -3.4637718e+00
  1.9348160e+01 -5.0221844e+01  1.2417479e+01 -9.0780922e+01 -1.4129683e+02
 -5.1227341e+01 -6.0529561e+00  4.9067902e+01  9.3624840e+01  8.7211792e+01
 -6.4467484e+01 -8.8832573e+01  9.3138176e+01 -8.8161974e+00 -8.3846718e+01
  7.8588921e+01  8.3182854e+01 -5.1227846e+00 -6.2983475e+01 -2.9905495e+01
  5.1162773e+01  2.6818197e+01 -5.8689331e+01 -3.6006878e+01  1.1378893e+02
  5.0198410e+01 -4.6772289e+01  4.3433468e+01  1.3941014e+02  2.0425264e+01
 -1.5782249e+02  7.4067993e+01  6.6521828e+01 -1.9525867e+02 -1.5667297e+02
  1.1030116e+02  1.0163605e+02 -6.0486618e+01 -9.3932587e+01 -6.4578407e+01
 -6.9479990e+00 -8.6791611e+01 -5.0707897e+01  1.8203372e+02  1.5407224e+02
 -6.7607178e+01 -2.3051649e+01  1.3652277e+02  1.3461295e+02 -6.8398163e+01
 -7.9446281e+01  5.5424229e+01 -4.6220364e+01 -1.3873833e+02 -1.3576347e+02
  3.7421593e+01  1.1934139e+02 -6.7867859e+01 -2.9185415e+01  7.3093575e+01
 -9.3344856e+01 -6.5398560e+01  3.2662823e+01  4.4069370e+01  8.5675690e+01
  1.5838166e+01 -9.3420578e+01  3.3664600e+01  1.7351544e+02  1.0964946e+01
 -4.7445206e+01 -2.8504656e+01 -3.2087765e+01 -7.4190590e+01 -9.6215118e+01
  1.7607595e+01  1.7163778e+01 -1.1621568e+02 -1.6464214e+02  5.2132370e+01
  1.9798412e+02  2.8962151e+01 -4.9075546e+01  6.3299561e+01  1.1198570e+02
 -4.3897700e+00 -1.0548988e+02 -5.0990498e+01  9.3136269e+01  6.9890121e+01
 -1.1630518e+02 -6.2537243e+01  3.4030476e+01 -4.1841850e+01 -2.3051950e+01
  8.7805260e+01  5.4409779e+01 -5.8865631e+01 -8.9635223e-01  1.4296227e+02
 -4.1683651e+01 -2.4607669e+02 -8.3596001e+01  1.0175271e+02  1.7967032e+02
 -4.2176243e+01 -1.1847247e+02  6.0080315e+01  1.2670614e+02 -1.1713690e+01
  1.0664141e+01  2.1505386e+02  9.5389038e+01 -2.1182658e+02 -7.5196594e+01
  2.2633882e+02  2.0936160e+02 -3.4187969e+01 -1.3312753e+02 -1.8119293e+01
  2.7208307e+01  3.4912170e+01 -5.2206993e+01  5.2363281e+01  8.8857018e+01
 -6.3639587e+01 -7.4922745e+01 -3.8481603e+00  2.9092386e+01 -8.1220230e+01
 -9.2525406e+01 -1.5789088e+01  2.4889265e+01 -4.3775406e+01 -2.2713333e+01
  1.1282848e+02  5.4978001e+01 -1.3995322e+02 -1.5784059e+02  9.0923325e+01
  1.2469675e+02 -5.0338905e+01 -2.5801134e+01  2.3137839e+02  1.6500319e+02
 -6.3281960e+01 -1.7044403e+02 -1.2842990e+02 -2.6418633e+01 -1.2835849e+02
 -1.6401962e+02  1.0364141e+02  1.7764383e+02 -7.1861687e+01 -1.1432497e+02
  1.1043794e+01  1.2013791e+02  7.2228973e+01 -1.1921266e+02  8.2650841e+01
  1.4310809e+02 -4.5978695e+01 -7.2270409e+01  1.5260995e+01  7.2119057e+01
 -4.0002220e+01 -8.1895660e+01 -3.5089375e+01  8.4534717e-01 -2.6937071e+01
 -5.3786949e+01  9.3781631e+01  2.0677090e+02 -2.7668919e+01 -1.2775005e+02
  8.9780243e+01  1.9771860e+02 -1.3125893e+02 -2.0679807e+02  1.0191663e+02
  8.0571152e+01 -5.0743095e+01 -1.2367093e+02  1.4011211e+01  8.9222687e+01
 -1.9451447e+01 -1.1302560e+02 -9.0234924e+01  9.2525703e+01  1.1549962e+02
  5.2471996e+01  4.3575375e+01  7.9342690e+01 -5.0059723e+01 -2.3347829e+02
         Column_Dry_Static_Energy_Advection_(W/m2)
 -2.8121585e+02  4.3690426e+01 -3.0625677e+02  7.0608589e+01 -4.3133667e+02
 -9.5123932e+02 -3.1124704e+02 -5.0937802e+02  1.8278899e+02  6.9349251e+01
 -1.6397838e+02 -2.6534589e+02 -9.1071564e+01 -2.6168817e+02 -9.4861038e+01
 -6.3692490e+01 -5.8126642e+02 -3.0440427e+02 -9.1339180e+01 -1.8630794e+02
 -8.0175311e+02 -3.6170905e+02 -6.9928131e+02 -3.5691388e+02  1.7807327e+02
  1.3146411e+02 -4.4195587e+01  3.3080490e+01  1.1525825e+01 -1.5477121e+02
  1.0581372e+02 -5.0245075e+01 -1.5144535e+01  1.2192403e+02  5.0335587e+01
 -1.5137194e+01  8.5600861e+01  1.4362000e+02  7.7894081e+01 -3.6582741e+01
 -1.7841420e+02 -1.5068806e+02  4.3294075e+01  1.1579227e+02  1.2797834e+02
  4.9369612e+00  1.7471323e+02 -3.7060047e+01 -1.9654395e+02 -5.1446887e+02
 -1.1061292e+02 -2.1257784e+02 -1.0017115e+01  1.2280201e+02  4.2588879e+01
 -6.6542641e+01  5.4299555e+00  9.6715652e+01  2.4973341e+02  1.6385669e+02
  5.6595970e+01  1.8311987e+02  2.7152493e+02  1.1709969e+02 -5.5827816e+01
 -1.4452411e+02  5.1536392e+01 -1.3544164e+02 -1.1928809e+02 -1.9767436e+02
 -4.9973837e+02  1.4577320e+01 -1.3563574e+02 -1.9406290e+02 -7.4641443e+02
 -3.1949583e+03 -2.3465997e+02  1.8455199e+02  1.5226700e+02  6.7022064e+01
  1.2741615e+02  6.3219311e+01  1.0324214e+02  1.4682013e+02  1.0022414e+02
  1.0655995e+02  6.1556583e+01 -1.3278157e+02 -2.7444446e+02 -9.3250012e+02
  1.4455228e+01 -4.8290497e+01 -8.9365089e+01 -9.7388565e+01  1.4595322e+02
  1.4868973e+02  8.5653458e+01  1.1723445e+02  2.8944147e+01 -2.6272708e+02
 -1.8191202e+02 -2.5075018e+02 -2.8978642e+01  2.6442268e+01  1.1054453e+02
  1.1087239e+01 -3.2402246e+02 -8.5603473e+02 -1.6606421e+02  1.6628847e+02
  2.5865698e+02  5.9427719e+01  8.4368378e+01  2.3499590e+02  3.3700705e+02
 -7.3894005e+01 -2.2648264e+02  5.1818291e+01  7.9758652e+01 -9.6002213e+01
 -7.2862061e+01  6.1031509e+01 -3.0431375e+02  3.3485386e+01  7.6562431e+01
  1.8676050e+02  3.3328497e+02  4.6861195e+01 -1.6621706e+02 -1.1579932e+02
 -4.3608157e+02  8.2839302e+01 -7.6957374e+00 -9.1669357e+01  7.8480103e+01
 -2.1920036e+01  6.2924534e+01  1.0152139e+02 -1.2818552e+01 -2.5386484e+01
 -3.4760010e+01  1.8281614e+01 -4.4083856e+02 -4.8750302e+02 -2.2786044e+02
  8.4284296e+00  4.4383957e+01 -3.7258871e+02 -6.6000269e+02  7.7968803e+01
 -4.4270611e+01 -1.6849798e+01 -2.5725104e+02 -9.2589676e+01  1.9093617e+02
  8.1870010e+01 -7.8521843e+01  1.2871956e+02  3.6319751e+02  1.4303166e+02
 -3.0637545e+01 -9.0765228e+01 -2.1358955e+02 -2.0055770e+03 -9.8247339e+02
 -3.0503082e+02 -1.2819357e+02  1.3500417e+02 -7.8318184e+01 -7.0238991e+01
  2.3282961e+01 -2.5561073e+02  1.0199609e+02  4.3026157e+01  1.8791907e+02
  3.4097054e+01 -9.8434906e+01  9.3757988e+01  1.4511546e+02 -1.8249835e+02
 -7.4723914e+02 -2.8077835e+02 -9.2387819e+00 -5.7477167e+02 -4.3304034e+02
 -7.8529884e+01  1.4894719e+02  1.8622346e+02  6.5700768e+01  3.6871681e+01
  2.5245584e+02  1.9942427e+02 -6.6331444e+01 -1.8456003e+02 -2.5819638e+02
 -2.8317899e+02 -1.6174069e+02 -1.0823344e+02 -9.4082024e+01 -1.5476315e+02
 -2.4487086e+02  7.2084854e+01  7.6797668e+01  8.6277191e+01  2.3230664e+02
  2.4263620e+02  1.0338596e+02  5.6243172e+01 -6.9711708e+01 -1.9611150e+02
                   Column_Radiative_Heating_(W/m2)
 -9.3917297e+01 -1.8771994e+02 -1.1086434e+02  7.0547745e+01 -4.6080872e+01
 -1.0789652e+02 -7.0757027e+01  8.5370148e+01 -6.6020180e+01 -1.6169344e+02
 -1.0730518e+02  5.8871769e+01 -7.0674965e+01 -1.6026433e+02 -1.0140172e+02
  1.8489494e+01 -4.7994015e+01 -1.6943732e+02 -1.2399174e+02  2.4070724e+01
 -9.7895241e+01 -1.9544774e+02 -1.5597704e+02  3.0505396e+01 -1.0517611e+02
 -2.0132506e+02 -1.2398370e+02 -3.7228802e+01 -1.0536518e+02 -1.8363480e+02
 -8.4807663e+01  4.2282444e+01 -1.1379395e+02 -2.0170219e+02 -9.1062218e+01
  3.0091349e+01 -8.6799850e+01 -2.0544341e+02 -1.2329882e+02  4.1573124e+01
 -7.6383018e+01 -1.9820940e+02 -1.2120697e+02  8.4550810e+00 -1.1901554e+02
 -1.8013495e+02 -1.1379093e+02  6.7819481e+01 -4.4201218e+01 -1.7919463e+02
 -8.9966606e+01  6.4929398e+01 -1.1970847e+02 -2.2721277e+02 -1.4414095e+02
 -5.1428785e+00 -1.0841044e+02 -2.2255136e+02 -1.4204407e+02 -1.8292978e+01
 -1.5243193e+02 -2.3349940e+02 -1.5354927e+02 -1.4270481e+01 -1.5144736e+02
 -1.8804378e+02 -8.6011894e+01 -2.3751215e+01 -8.1220535e+01 -1.5450972e+02
 -8.7869514e+01  3.4689915e+01 -5.4793453e+01 -1.4602161e+02 -7.6197769e+01
  2.3539113e+02 -9.6632385e+00 -1.6301694e+02 -1.2563004e+02 -2.9779682e+00
 -1.3430118e+02 -2.2930865e+02 -1.5450470e+02  3.0378375e+00 -1.1589687e+02
 -1.6993011e+02 -1.1458744e+02  5.4242027e+01 -1.1642587e+02 -1.5090930e+02
 -8.0278793e+01  5.3945747e+01 -3.8547375e+01 -1.7998912e+02 -1.1428473e+02
  3.3783978e+01 -1.0547480e+02 -2.0819701e+02 -1.2497834e+02  1.2823178e+02
  3.5142176e+00 -1.8533945e+02 -1.3349561e+02 -2.4730967e+01 -1.0693809e+02
 -2.1024359e+02 -1.5462035e+02  5.5533447e+01 -5.1113293e+01 -1.9183627e+02
 -1.8521375e+02 -2.3737740e+01 -1.5137193e+02 -2.4376157e+02 -2.0603072e+02
 -2.0432104e+01 -1.2457103e+02 -2.2149840e+02 -1.7358986e+02  3.9050026e+01
 -8.3964890e+01 -1.9367972e+02 -1.5298306e+02  3.1323231e+01 -1.1875205e+02
 -2.2712225e+02 -1.7703035e+02  1.8070217e+01 -9.3513908e+01 -1.6262169e+02
 -6.8032784e+01  1.0139367e+02 -5.1533276e+01 -2.0407262e+02 -1.5161531e+02
  2.9689070e+01 -8.0800552e+01 -2.1812929e+02 -1.2991130e+02  9.2205193e+01
 -3.8901783e+01 -1.7394386e+02 -1.3705881e+02 -3.5637684e+01 -1.6357811e+01
 -1.6987682e+02 -1.1857907e+02 -4.7350067e+01 -2.0853592e+01 -1.6569008e+02
 -9.8911697e+01  7.5830688e+00 -9.4670166e+01 -1.7406154e+02 -1.3041014e+02
 -3.0566442e-01 -1.1275104e+02 -2.2495599e+02 -1.6241853e+02 -2.8489974e+00
 -4.5610809e+01 -1.8617821e+02 -1.4853183e+02  8.9715485e+01 -3.8427094e+01
 -1.6597972e+02 -1.3760390e+02  2.5483633e+01 -1.0689384e+02 -1.9918793e+02
 -1.2771586e+02  8.7643639e+01 -6.5354111e+01 -1.7873503e+02 -1.6419359e+02
  5.1015038e+00 -1.1170008e+02 -2.1257079e+02 -1.7850471e+02  3.5233494e+01
 -3.9900345e+01 -1.4126163e+02 -1.1002962e+02  9.4792351e+01 -4.2884960e+01
 -1.5456403e+02 -1.4312921e+02  1.1778959e+01 -1.1853281e+02 -2.2210886e+02
 -1.8568843e+02 -2.1134686e+01 -1.3733537e+02 -2.1466264e+02 -1.3260858e+02
  9.2357353e+01 -5.2151783e+01 -1.6108900e+02 -1.2217043e+02  6.4790314e+01
 -7.9243629e+01 -2.0180678e+02 -1.7785402e+02 -4.5857506e+00 -1.2971318e+02
 -2.2086981e+02 -1.7095795e+02  3.7478013e+00 -1.1042284e+02 -2.0116716e+02
                      Column_Latent_heating_(W/m2)
  1.6404173e+02  9.0198120e+01  6.1836072e+02  1.1569975e+02  4.3854355e+02
  8.2721136e+02  2.9574921e+02  5.5198547e+02  4.8051643e+01  8.7071800e+01
  1.7666226e+02  2.1426437e+02  1.9006422e+02  3.2261145e+02  1.8566429e+02
  5.9340828e+01  5.7331946e+02  4.7660828e+02  1.2163438e+02  1.0941916e+01
  8.4165625e+02  5.4460461e+02  8.9804382e+02  4.1006009e+02  8.9445457e+00
  4.6314800e-01  7.3206306e+01  5.3869919e+01  6.0209248e+01  2.5047662e+02
  4.6430553e+01  6.3625008e+01  1.1046106e+02  8.2787724e+00  1.1578725e-01
  2.8946763e-02  0.0000000e+00  5.7893526e-02  2.5473175e+00  9.4771736e+01
  2.9253601e+02  2.9270999e+02  1.0938999e+02  6.0498691e+00  4.0814929e+00
  7.5261559e+00  1.6210175e+00  2.4720509e+01  3.6212440e+01  5.3160699e+02
  2.9806436e+02  2.4176324e+02  5.6706699e+01  1.0999743e+00  2.8946760e+01
  5.6446220e+01  7.3524818e+00  6.3885483e+01  6.4898621e+01  1.4473331e-01
  2.0320671e+01  1.5312788e+01  6.2524977e+00  1.9915375e+01  1.3176581e+02
  2.4306563e+02  7.5493172e+01  1.0015575e+02  5.3811993e+01  2.0265660e+02
  6.1393158e+02  3.3230843e+01  1.0950565e+02  3.1039624e+02  8.8041595e+02
  2.8427117e+03  1.7197270e+02  8.6840279e-02  6.3393397e+00  4.0525484e+00
  1.7107559e+01  6.2148640e+01  6.9703758e+01  1.0999743e+01  1.9220636e+01
  1.1115600e+01  1.5515437e+01  3.4012474e+01  3.0446161e+02  9.5585052e+02
  6.0122456e+01  8.6840279e-02  2.5473175e+00  9.3845390e+01  7.1208992e+00
  6.0209246e+00  3.6646603e+01  3.6067619e+01  1.4812051e+02  2.3192146e+02
  1.5793312e+02  3.2185922e+02  9.9605835e+01  8.0327271e+01  5.3898884e+01
  7.6824715e+01  4.0699170e+02  8.1163812e+02  1.6453352e+02  1.1578725e-01
  4.0525484e-01  6.9472247e-01  1.4473331e-01  2.3157449e-01  2.3157451e+00
  4.2146477e+01  9.0516518e+01  7.0514252e+01  1.7816780e+02  2.2578468e+02
  9.8476837e+01  2.1710045e+00  5.0196600e+02  4.3999077e+01  1.3836521e+01
  3.6212440e+01  4.3825390e+01  2.0581148e+01  4.2001755e+01  2.0407463e+02
  7.1738794e+02  1.4386539e+01  1.7020668e+01  1.5220163e+02  4.1712311e+01
  6.7445965e+00  4.2580635e+01  5.1438435e+01  1.8366696e+02  1.0507654e+01
  1.1578726e+00  7.1903732e+01  5.7146692e+02  5.3887317e+02  1.5168068e+02
  5.6590942e+01  4.4317478e+01  4.3072824e+02  6.1757928e+02  5.2075249e+01
  2.4419502e+02  2.3157450e+01  1.9591138e+02  1.0623410e+02  2.1623253e+01
  2.6283669e+01  1.2748152e+02  5.8935631e+01  1.7831161e+01  9.6971607e+00
  1.7947018e+00  9.5900635e+01  2.2207968e+02  1.8671827e+03  8.8519202e+02
  2.9158060e+02  3.4880896e+02  9.5524305e-01  9.9808388e+01  1.3963943e+02
  1.0238428e+02  2.7710757e+02  2.4228420e+01  6.2814412e+00  5.1554192e+01
  9.5726952e+01  1.5932300e+02  3.7312374e+01  3.9657063e+01  2.1521880e+02
  7.4491595e+02  3.2877744e+02  7.1585320e+01  4.6592676e+02  4.4253818e+02
  1.7382520e+02  8.1166733e+01  2.8946762e+00  2.1970623e+01  4.8630524e+01
  1.4183890e+01  1.5978561e+01  6.9443283e+01  1.8511417e+02  4.8598743e+02
  2.6489133e+02  1.5718085e+02  1.3576045e+02  2.2121075e+02  1.7284061e+02
  2.9352060e+02  1.1955057e+01  3.3867753e+00  5.7025099e+00  8.7708702e+00
  2.7267845e+01  1.0429511e+02  1.3431325e+01  1.2678658e+02  1.5683389e+02
